,ticker,open,high,low,close,volume,timestamp
0,MITA,10.0,10.0,9.71,10.0,50528.0,2021-08-17
1,MITA,9.9,9.9,9.6,9.73,11417.0,2021-08-18
2,MITA,9.7,9.81,9.65,9.8,2604.0,2021-08-19
3,MITA,9.64,9.68,9.64,9.68,284.0,2021-08-30
4,MITA,9.64,9.68,9.64,9.68,6732.0,2021-09-01
5,MITA,9.63,9.67,9.63,9.67,1710.0,2021-09-07
6,MITA,9.5701,9.62,9.5701,9.62,548.0,2021-09-10
7,MITA,9.62,9.69,9.61,9.69,2603.0,2021-09-13
8,MITA,9.64,9.65,9.63,9.64,9352.0,2021-09-14
9,MITA,9.65,9.65,9.65,9.65,1081.0,2021-09-15
10,MITA,9.645,9.645,9.645,9.645,192.0,2021-09-17
11,MITA,9.62,9.66,9.6,9.66,201071.0,2021-09-20
12,MITA,9.63,9.78,9.61,9.77,3610.0,2021-09-21
13,MITA,9.63,9.74,9.6,9.74,300205.0,2021-09-27
14,MITA,9.7,9.73,9.7,9.73,25907.0,2021-09-28
15,MITA,9.7,9.73,9.69,9.73,1323.0,2021-10-04
16,MITA,9.67,9.81,9.55,9.75,8301.0,2021-10-06
17,MITA,9.75,9.75,9.67,9.75,4423.0,2021-10-07
18,MITA,9.66,9.69,9.65,9.69,5992.0,2021-10-08
19,MITA,9.7,9.7,9.7,9.7,211.0,2021-10-11
20,MITA,9.69,9.7,9.69,9.7,390.0,2021-10-12
21,MITA,9.73,9.76,9.73,9.76,1214.0,2021-10-15
22,MITA,9.81,9.81,9.81,9.81,115.0,2021-10-25
23,MITA,9.66,9.81,9.66,9.81,424.0,2021-11-01
24,MITA,9.67,9.71,9.67,9.68,4856.0,2021-11-03
25,MITA,9.68,9.68,9.68,9.68,270.0,2021-11-10
26,MITA,9.69,9.7,9.69,9.7,869.0,2021-11-12
27,MITA,9.67,9.71,9.652,9.71,2445.0,2021-11-16
28,MITA,9.67,9.71,9.67,9.71,1248.0,2021-11-18
29,MITA,9.66,9.71,9.66,9.71,28555.0,2021-11-19
30,MITA,9.7,9.71,9.7,9.71,5885.0,2021-11-22
31,MITA,9.72,9.78,9.7,9.78,6593.0,2021-11-23
32,MITA,9.7,9.79,9.7,9.79,3407.0,2021-11-24
33,MITA,9.78,9.78,9.78,9.78,106.0,2021-11-26
34,MITA,9.7,9.72,9.7,9.72,20650.0,2021-12-03
35,MITA,9.72,9.72,9.67,9.72,48014.0,2021-12-06
36,MITA,9.7,9.72,9.69,9.72,12776.0,2021-12-08
37,MITA,9.69,9.72,9.67,9.72,683166.0,2021-12-09
38,MITA,9.69,9.7,9.69,9.7,4234.0,2021-12-14
39,MITA,9.72,9.72,9.72,9.72,889.0,2021-12-15
40,MITA,9.72,9.72,9.69,9.72,4915.0,2021-12-16
41,MITA,9.64,9.72,9.64,9.72,1023.0,2021-12-17
42,MITA,9.64,9.64,9.64,9.64,1938.0,2021-12-22
43,MITA,9.67,9.69,9.65,9.69,25605.0,2021-12-27
44,MITA,9.68,9.68,9.68,9.68,236.0,2021-12-28
45,MITA,9.63,9.72,9.63,9.72,1130.0,2021-12-30
46,MITA,9.72,9.72,9.72,9.72,331.0,2022-01-03
47,MITA,9.7,9.72,9.7,9.72,1699.0,2022-01-05
48,MITA,9.7,9.72,9.7,9.72,412.0,2022-01-06
49,MITA,9.72,9.72,9.72,9.72,1182.0,2022-01-07
50,MITA,9.72,9.72,9.72,9.72,2105.0,2022-01-11
51,MITA,9.67,9.67,9.635,9.65,95300.0,2022-01-13
52,MITA,9.65,9.65,9.625,9.63,24010.0,2022-01-14
53,MITA,9.64,9.66,9.62,9.66,8400.0,2022-01-18
54,MITA,9.63,9.63,9.63,9.63,475.0,2022-01-19
55,MITA,9.63,9.67,9.63,9.67,2645.0,2022-01-20
56,MITA,9.62,9.63,9.6,9.62,19566.0,2022-01-21
57,MITA,9.6,9.64,9.59,9.64,34814.0,2022-01-24
58,MITA,9.5,9.64,9.5,9.64,1420.0,2022-01-25
59,MITA,9.59,9.59,9.59,9.59,433.0,2022-01-27
60,MITA,9.63,9.63,9.63,9.63,1534.0,2022-01-31
61,MITA,9.64,9.68,9.62,9.62,4754.0,2022-02-01
62,MITA,9.5,9.71,9.5,9.7,16116.0,2022-02-02
63,MITA,9.7,9.7,9.7,9.7,1000.0,2022-02-03
64,MITA,9.7,9.7,9.7,9.7,200000.0,2022-02-04
65,MITA,9.7,9.72,9.65,9.7,37674.0,2022-02-07
66,MITA,9.67,9.72,9.65,9.72,50813.0,2022-02-08
67,MITA,9.7,9.74,9.7,9.7,1410.0,2022-02-10
68,MITA,9.72,9.74,9.72,9.74,375.0,2022-02-14
69,MITA,9.64,9.64,9.64,9.64,100.0,2022-02-16
70,MITA,9.63,9.63,9.63,9.63,135.0,2022-02-22
71,MITA,9.64,9.655,9.6,9.655,111945.0,2022-02-23
72,MITA,9.6378,9.6685,9.6056,9.6601,14277.0,2022-02-24
73,MITA,9.61,9.65,9.61,9.62,17352.0,2022-02-25
74,MITA,9.6215,9.625,9.61,9.61,16609.0,2022-02-28
75,MITA,9.63,9.655,9.6,9.6,3602.0,2022-03-01
76,MITA,9.64,9.66,9.64,9.65,1601.0,2022-03-02
77,MITA,9.64,9.69,9.64,9.69,23611.0,2022-03-03
78,MITA,9.68,9.68,9.68,9.68,5000.0,2022-03-04
79,MITA,9.68,9.68,9.68,9.68,2100.0,2022-03-07
80,MITA,9.67,9.7,9.67,9.7,14200.0,2022-03-08
81,MITA,9.67,9.68,9.67,9.675,10725.0,2022-03-09
82,MITA,9.67,9.69,9.65,9.68,112569.0,2022-03-10
83,MITA,9.69,9.7,9.63,9.69,34547.0,2022-03-11
84,MITA,9.72,9.73,9.72,9.73,1812.0,2022-03-14
85,MITA,9.7,9.7,9.63,9.67,7700.0,2022-03-16
86,MITA,9.67,9.69,9.67,9.69,2743.0,2022-03-17
87,MITA,9.7,9.7,9.685,9.685,360.0,2022-03-18
88,MITA,9.7,9.7,9.68,9.68,3643.0,2022-03-21
89,MITA,9.84,9.84,9.84,9.84,302.0,2022-03-22
90,MITA,9.7,9.71,9.66,9.7,103537.0,2022-03-30
91,MITA,9.68,9.71,9.68,9.7,386722.0,2022-03-31
92,MITA,9.7,9.7,9.7,9.7,22034.0,2022-04-01
93,MITA,9.71,9.71,9.705,9.705,10471.0,2022-04-05
94,MITA,9.705,9.705,9.705,9.705,300.0,2022-04-06
95,MITA,9.69,9.72,9.68,9.72,3844.0,2022-04-13
96,MITA,9.74,9.74,9.71,9.72,41386.0,2022-04-14
97,MITA,9.7,9.74,9.7,9.74,22414.0,2022-04-18
98,MITA,9.71,9.72,9.7,9.72,4621.0,2022-04-19
99,MITA,9.73,9.73,9.71,9.72,61287.0,2022-04-20
100,MITA,9.745,9.745,9.71,9.71,328.0,2022-04-21
101,MITA,10.3,10.3,9.78,9.78,410.0,2022-04-22
102,MITA,9.83,9.83,9.71,9.71,51100.0,2022-04-25
103,MITA,10.3,10.3,9.75,9.75,450.0,2022-04-26
104,MITA,10.0,10.0,9.71,9.72,23143.0,2022-04-27
105,MITA,9.98,9.99,9.73,9.73,511.0,2022-05-03
106,MITA,9.75,9.75,9.75,9.75,100.0,2022-05-04
107,MITA,9.72,9.72,9.72,9.72,2210.0,2022-05-09
108,MITA,9.68,9.7,9.68,9.7,52133.0,2022-05-10
109,MITA,9.71,9.71,9.67,9.68,11535.0,2022-05-11
110,MITA,9.68,9.68,9.67,9.67,940.0,2022-05-17
111,MITA,9.9,10.3,9.68,9.68,26333.0,2022-05-24
112,MITA,9.67,9.67,9.67,9.67,6489.0,2022-05-25
113,MITA,9.92,9.92,9.92,9.92,883.0,2022-05-26
114,MITA,9.87,9.87,9.735,9.735,7208.0,2022-05-27
115,MITA,9.95,9.95,9.8,9.8,900.0,2022-05-31
116,MITA,9.99,10.3,9.705,9.74,5959.0,2022-06-01
117,MITA,9.91,9.91,9.64,9.7,183054.0,2022-06-02
118,MITA,9.74,9.74,9.74,9.74,120.0,2022-06-07
119,MITA,9.69,9.73,9.69,9.73,5440.0,2022-06-08
120,MITA,9.705,9.73,9.7,9.73,13741.0,2022-06-10
121,MITA,9.69,9.72,9.69,9.705,1806.0,2022-06-13
122,MITA,9.71,9.71,9.695,9.7,406259.0,2022-06-14
123,MITA,9.71,9.71,9.7,9.7,500704.0,2022-06-21
124,MITA,9.75,9.75,9.7,9.7,497794.0,2022-06-22
125,MITA,9.71,9.72,9.71,9.72,6650.0,2022-06-23
126,MITA,10.3,10.3,9.76,9.76,800.0,2022-06-27
127,MITA,9.73,9.73,9.73,9.73,994.0,2022-06-30
128,MITA,9.76,9.76,9.73,9.73,705.0,2022-07-05
129,MITA,9.73,9.73,9.73,9.73,323.0,2022-07-06
130,MITA,9.76,9.76,9.72,9.72,689.0,2022-07-07
131,MITA,9.75,9.75,9.75,9.75,166.0,2022-07-12
132,MITA,9.76,9.76,9.725,9.725,900.0,2022-07-13
133,MITA,9.75,9.75,9.75,9.75,141.0,2022-07-18
134,MITA,9.74,9.74,9.74,9.74,41584.0,2022-07-19
135,MITA,9.76,9.76,9.73,9.73,9042.0,2022-07-20
136,MITA,9.73,9.73,9.73,9.73,1084.0,2022-07-21
137,MITA,9.74,9.75,9.73,9.73,26085.0,2022-07-25
138,MITA,9.74,9.76,9.74,9.75,8863.0,2022-07-26
139,MITA,10.3,10.3,9.74,9.76,2243.0,2022-07-27
140,MITA,9.76,9.765,9.76,9.765,2016.0,2022-08-02
141,MITA,9.77,9.77,9.77,9.77,230.0,2022-08-03
142,MITA,9.77,9.77,9.76,9.77,35160.0,2022-08-04
143,MITA,9.76,9.76,9.76,9.76,200.0,2022-08-05
144,MITA,9.8,9.8,9.76,9.775,28608.0,2022-08-09
145,MITA,9.78,9.78,9.77,9.78,12002.0,2022-08-10
146,MITA,9.8,9.8,9.8,9.8,523.0,2022-08-11
147,MITA,9.81,9.81,9.79,9.79,10600.0,2022-08-12
148,MITA,9.79,9.79,9.76,9.775,2829.0,2022-08-16
149,MITA,9.78,9.78,9.78,9.78,6404.0,2022-08-23
150,MITA,9.78,9.78,9.78,9.78,200.0,2022-08-24
151,MITA,9.77,9.77,9.77,9.77,741.0,2022-08-26
152,MITA,9.77,9.77,9.76,9.76,512.0,2022-08-30
153,MITA,9.77,9.79,9.77,9.79,30218.0,2022-09-01
154,MITA,9.79,9.79,9.79,9.79,461.0,2022-09-02
155,MITA,9.78,9.78,9.78,9.78,250.0,2022-09-06
156,MITA,9.79,9.79,9.79,9.79,2628.0,2022-09-07
157,MITA,9.78,9.78,9.78,9.78,302.0,2022-09-12
158,MITA,9.8,9.8,9.78,9.78,51802.0,2022-09-13
159,MITA,9.79,9.79,9.77,9.78,235286.0,2022-09-14
160,MITA,9.8,9.8,9.8,9.8,202.0,2022-09-16
161,MITA,9.8,9.82,9.8,9.8,9602.0,2022-09-19
162,MITA,9.8,9.8,9.8,9.8,110.0,2022-09-20
163,MITA,9.8,9.8,9.8,9.8,26252.0,2022-09-21
164,MITA,9.83,9.83,9.81,9.81,464347.0,2022-09-22
165,MITA,9.81,9.8101,9.81,9.8101,7849.0,2022-09-23
166,MITA,9.81,9.81,9.81,9.81,3400.0,2022-09-26
167,MITA,9.82,9.82,9.82,9.82,37739.0,2022-09-29
168,MITA,9.8193,9.82,9.819,9.82,3425.0,2022-09-30
169,MITA,9.835,9.835,9.82,9.82,25899.0,2022-10-04
170,MITA,9.81,9.82,9.81,9.82,5020.0,2022-10-05
171,MITA,9.83,9.83,9.83,9.83,402.0,2022-10-07
172,MITA,9.85,9.86,9.8499,9.85,518454.0,2022-10-10
173,MITA,9.85,9.86,9.85,9.86,406756.0,2022-10-11
174,MITA,9.86,9.86,9.86,9.86,33097.0,2022-10-12
175,MITA,9.85,9.86,9.85,9.86,658.0,2022-10-17
176,MITA,9.86,9.86,9.85,9.86,29195.0,2022-10-19
177,MITA,9.88,9.88,9.87,9.87,120210.0,2022-10-20
178,MITA,9.88,9.89,9.88,9.89,48090.0,2022-10-24
179,MITA,9.88,9.885,9.88,9.88,5200.0,2022-10-25
180,MITA,9.89,9.89,9.89,9.89,1450.0,2022-10-26
181,MITA,9.89,9.895,9.88,9.89,47085.0,2022-10-27
182,MITA,9.89,9.89,9.89,9.89,9824.0,2022-10-28
183,MITA,9.91,9.92,9.91,9.92,13531.0,2022-11-03
184,MITA,9.94,9.94,9.9308,9.94,985.0,2022-11-09
185,MITA,9.94,9.94,9.94,9.94,514.0,2022-11-14
186,MITA,9.94,9.945,9.94,9.94,4083.0,2022-11-15
187,MITA,9.945,9.945,9.94,9.94,51589.0,2022-11-16
188,MITA,9.94,9.94,9.94,9.94,205.0,2022-11-17
189,MITA,9.95,9.95,9.94,9.94,4151.0,2022-11-18
190,MITA,9.95,9.97,9.95,9.96,10436.0,2022-11-21
191,MITA,9.96,9.97,9.96,9.97,4915.0,2022-11-22
192,MITA,9.97,9.97,9.97,9.97,167.0,2022-11-23
193,MITA,9.97,9.98,9.97,9.98,1308.0,2022-11-25
194,MITA,9.96,9.99,9.96,9.99,15349.0,2022-11-29
195,MITA,9.97,9.98,9.97,9.98,6449.0,2022-11-30
196,MITA,9.97,9.98,9.97,9.98,6652.0,2022-12-01
197,MITA,9.975,9.975,9.97,9.97,327.0,2022-12-02
198,MITA,9.975,10.02,9.975,9.99,120797.0,2022-12-05
199,MITA,10.0,10.0,10.0,10.0,2680.0,2022-12-06
200,MITA,9.98,10.03,9.98,10.03,22117.0,2022-12-07
201,MITA,9.99,9.99,9.99,9.99,112.0,2022-12-08
202,MITA,10.0,10.0,10.0,10.0,1050.0,2022-12-09
203,MITA,10.005,10.03,10.005,10.03,6400.0,2022-12-12
204,MITA,10.0,10.03,10.0,10.03,27771.0,2022-12-13
205,MITA,10.01,10.01,10.0,10.01,114957.0,2022-12-14
206,MITA,10.015,10.025,10.015,10.02,13608.0,2022-12-15
207,MITA,10.03,10.03,10.03,10.03,4995.0,2022-12-21
208,MITA,10.05,10.05,10.05,10.05,6103.0,2022-12-22
209,MITA,10.06,10.06,10.04,10.04,5921.0,2022-12-23
210,MITA,10.03,10.03,10.03,10.03,1020.0,2022-12-27
211,MITA,10.09,10.09,10.03,10.03,444.0,2022-12-28
212,MITA,10.09,10.09,10.09,10.09,1032.0,2022-12-29
213,MITA,10.05,10.05,10.04,10.04,23049.0,2022-12-30
214,MITA,10.07,10.07,10.03,10.03,20340.0,2023-01-03
215,MITA,10.03,10.04,10.03,10.04,25662.0,2023-01-04
216,MITA,10.05,10.08,10.05,10.08,1062.0,2023-01-05
217,MITA,10.06,10.06,10.06,10.06,1434.0,2023-01-06
218,MITA,10.05,10.05,10.04,10.05,6169.0,2023-01-09
219,MITA,10.06,10.06,10.06,10.06,200.0,2023-01-10
220,MITA,10.06,10.06,10.0599,10.06,2341.0,2023-01-11
221,MITA,10.06,10.06,10.06,10.06,620.0,2023-01-12
222,MITA,10.07,10.075,10.07,10.075,1315.0,2023-01-17
223,MITA,10.075,10.08,10.075,10.08,3845.0,2023-01-18
224,MITA,10.0835,10.0835,10.0835,10.0835,520.0,2023-01-19
225,MITA,10.11,10.11,10.09,10.09,6155.0,2023-01-20
226,MITA,10.0875,10.11,10.08,10.1,26638.0,2023-01-25
227,MITA,10.1,10.12,10.09,10.11,462727.0,2023-01-26
228,MITA,10.1,10.1,10.1,10.1,2501.0,2023-01-27
229,MITA,10.1,10.105,10.1,10.105,78472.0,2023-01-30
230,MITA,10.105,10.12,10.105,10.11,40665.0,2023-01-31
231,MITA,10.11,10.12,10.11,10.12,5020.0,2023-02-01
232,MITA,10.6,10.6,10.11,10.12,19221.0,2023-02-02
233,MITA,10.11,10.12,10.11,10.11,2663.0,2023-02-03
234,MITA,10.125,10.13,10.125,10.13,12097.0,2023-02-06
235,MITA,10.13,10.15,10.13,10.13,18766.0,2023-02-07
236,MITA,10.13,10.13,10.13,10.13,1000.0,2023-02-08
237,MITA,10.13,10.145,10.13,10.145,1416.0,2023-02-09
238,MITA,10.13,10.13,10.13,10.13,813.0,2023-02-10
239,MITA,10.16,10.16,10.14,10.14,8913.0,2023-02-14
240,MITA,10.14,10.17,10.14,10.17,8925.0,2023-02-15
241,MITA,10.14,10.14,10.14,10.14,217.0,2023-02-16
242,MITA,10.14,10.17,10.14,10.15,16800.0,2023-02-21
243,MITA,10.18,10.18,10.16,10.16,1070.0,2023-02-22
244,MITA,10.18,10.18,10.16,10.16,13970.0,2023-02-23
245,MITA,10.16,10.16,10.16,10.16,566.0,2023-02-24
246,MITA,10.17,10.17,10.17,10.17,300.0,2023-02-27
247,MITA,10.19,10.19,10.19,10.19,542.0,2023-02-28
248,MITA,10.18,10.18,10.16,10.17,2280.0,2023-03-01
249,MITA,10.18,10.19,10.18,10.18,603.0,2023-03-02
250,MITA,10.175,10.175,10.175,10.175,672.0,2023-03-03
251,MITA,10.2,10.2,10.185,10.185,51976.0,2023-03-06
252,MITA,10.19,10.21,10.19,10.2,458114.0,2023-03-07
253,MITA,10.2,10.245,10.2,10.22,5949.0,2023-03-08
254,MITA,10.19,10.19,10.19,10.19,2938.0,2023-03-10
255,MITA,10.19,10.19,10.19,10.19,659912.0,2023-03-13
256,MITA,10.195,10.2,10.195,10.2,10309.0,2023-03-14
257,MITA,10.2,10.2,10.2,10.2,305.0,2023-03-15
258,MITA,10.22,10.3,10.22,10.3,7394.0,2023-03-20
259,MITA,10.2171,10.2171,10.21,10.21,1321.0,2023-03-21
260,MITA,10.21,10.21,10.21,10.21,9530.0,2023-03-22
261,MITA,10.33,10.33,10.24,10.3,480.0,2023-03-27
262,MITA,10.26,10.26,10.21,10.245,91192.0,2023-03-28
263,MITA,10.22,10.25,10.22,10.25,373127.0,2023-03-29
264,MITA,10.2205,10.25,10.2205,10.25,45978.0,2023-03-30
265,MITA,10.3,10.3,10.3,10.3,368.0,2023-04-03
266,MITA,10.23,10.23,10.23,10.23,3008.0,2023-04-04
267,MITA,10.235,10.235,10.23,10.23,2701.0,2023-04-05
268,MITA,10.24,10.24,10.24,10.24,4171.0,2023-04-06
269,MITA,10.24,10.245,10.24,10.245,38580.0,2023-04-10
270,MITA,10.24,10.24,10.24,10.24,100.0,2023-04-12
271,MITA,10.25,10.25,10.25,10.25,6217.0,2023-04-14
272,MITA,10.26,10.27,10.25,10.26,2677212.0,2023-04-20
273,MITA,10.26,10.26,10.26,10.26,117000.0,2023-04-21
274,MITA,10.27,10.28,10.27,10.28,101554.0,2023-04-24
275,MITA,10.275,10.275,10.27,10.275,4293.0,2023-04-25
276,MITA,10.26,10.27,10.26,10.27,2133.0,2023-04-26
277,MITA,10.27,10.28,10.27,10.28,617.0,2023-04-27
278,MITA,10.27,10.28,10.27,10.27,301.0,2023-04-28
279,MITA,10.275,10.28,10.27,10.28,7156.0,2023-05-02
280,MITA,10.28,10.31,10.28,10.31,8700.0,2023-05-03
281,MITA,10.27,10.27,10.27,10.27,100.0,2023-05-04
282,MITA,10.35,10.35,10.28,10.28,1264.0,2023-05-05
283,MITA,10.31,10.31,10.31,10.31,400.0,2023-05-08
284,MITA,10.3,10.3,10.3,10.3,632.0,2023-05-09
285,MITA,10.3,10.31,10.29,10.31,1709.0,2023-05-12
286,MITA,10.3,10.31,10.3,10.305,21513.0,2023-05-16
287,MITA,10.32,10.32,10.32,10.32,100.0,2023-05-18
288,MITA,10.32,10.32,10.32,10.32,100.0,2023-05-19
289,MITA,10.32,10.32,10.31,10.31,220.0,2023-05-22
290,MITA,10.32,10.32,10.32,10.32,210.0,2023-05-24
291,MITA,10.33,10.3333,10.32,10.333,18281.0,2023-05-25
292,MITA,10.34,10.34,10.33,10.3301,679.0,2023-05-26
293,MITA,10.325,10.33,10.325,10.33,20547.0,2023-05-30
294,MITA,10.34,10.34,10.34,10.34,3238.0,2023-05-31
295,MITA,10.33,10.33,10.33,10.33,329.0,2023-06-05
296,MITA,10.33,10.335,10.33,10.33,105064.0,2023-06-06
297,MITA,10.34,10.34,10.34,10.34,1200.0,2023-06-07
298,MITA,10.37,10.39,10.35,10.36,550178.0,2023-06-08
299,MITA,10.34,10.34,10.34,10.34,200.0,2023-06-09
300,MITA,10.345,10.35,10.34,10.35,131388.0,2023-06-12
301,MITA,10.38,10.8818,10.35,10.35,543542.0,2023-06-13
302,MITA,11.26,11.26,10.34,10.39,90633.0,2023-06-14
303,MITA,10.38,10.41,10.37,10.38,10663810.0,2023-06-15
304,MITA,10.37,10.39,10.37,10.39,20989.0,2023-06-16
305,MITA,10.36,10.44,10.36,10.4,13284.0,2023-06-20
306,MITA,10.41,10.41,10.41,10.41,208.0,2023-06-21
307,MITA,10.45,10.45,10.36,10.38,4324.0,2023-06-22
308,MITA,10.4,10.45,10.4,10.4,562078.0,2023-06-23
309,MITA,10.42,10.43,10.41,10.43,141915.0,2023-06-26
310,MITA,10.42,10.42,10.42,10.42,8000.0,2023-06-27
311,MITA,10.41,10.4227,10.41,10.4201,1390.0,2023-06-28
312,MITA,10.42,10.45,10.42,10.45,14335.0,2023-06-29
313,MITA,10.44,10.45,10.44,10.44,702.0,2023-06-30
314,MITA,10.44,10.4601,10.44,10.46,17808.0,2023-07-05
315,MITA,10.45,10.47,10.45,10.46,4564.0,2023-07-06
316,MITA,10.4601,10.4601,10.45,10.45,5910.0,2023-07-07
317,MITA,10.46,10.46,10.45,10.45,5529.0,2023-07-10
318,MITA,10.4,10.45,10.4,10.42,70588.0,2023-07-11
319,MITA,10.4325,10.4325,10.4325,10.4325,239.0,2023-07-12
320,MITA,10.47,10.47,10.46,10.46,632.0,2023-07-13
321,MITA,10.465,10.47,10.465,10.47,19072.0,2023-07-14
322,MITA,10.48,10.4901,10.47,10.48,177505.0,2023-07-17
323,MITA,10.5,10.51,10.49,10.5,216691.0,2023-07-18
324,MITA,10.5001,10.52,10.5001,10.51,34642.0,2023-07-19
325,MITA,10.53,10.53,10.53,10.53,231.0,2023-07-21
326,MITA,10.53,10.5302,10.52,10.525,340180.0,2023-07-25
327,MITA,10.53,10.54,10.5299,10.5299,14483.0,2023-07-26
328,MITA,10.51,10.56,10.51,10.54,197626.0,2023-07-27
329,MITA,10.59,10.59,10.54,10.55,7152.0,2023-07-28
330,MITA,10.54,10.54,10.54,10.54,696.0,2023-07-31
331,MITA,10.56,10.56,10.54,10.56,21572.0,2023-08-01
332,MITA,10.57,10.6,10.56,10.6,128430.0,2023-08-02
333,MITA,10.6,10.6,10.59,10.6,33058.0,2023-08-03
334,MITA,10.61,10.61,10.537,10.6,636.0,2023-08-04
335,MITA,10.59,10.59,10.59,10.59,107049.0,2023-08-08
336,MITA,10.6068,10.6068,10.6068,10.6068,110.0,2023-08-11
337,MITA,10.59,10.59,10.59,10.59,100014.0,2023-08-15
338,MITA,10.61,10.76,10.6,10.61,414172.0,2023-08-16
339,MITA,10.65,10.65,10.63,10.63,646.0,2023-08-17
340,MITA,10.8,10.8146,10.59,10.59,76781.0,2023-08-18
341,MITA,10.6,10.61,10.6,10.61,26181.0,2023-08-21
342,MITA,10.575,10.605,10.575,10.6,8169.0,2023-08-22
343,MITA,10.6,10.6,10.6,10.6,311071.0,2023-08-23
344,MITA,10.62,10.62,10.6,10.6,3679.0,2023-08-24
345,MITA,10.6,10.61,10.6,10.61,1660.0,2023-08-25
346,MITA,10.61,10.615,10.61,10.61,213401.0,2023-08-28
347,MITA,10.61,10.62,10.61,10.62,748726.0,2023-08-29
348,MITA,10.61,10.62,10.61,10.62,3121.0,2023-08-31
349,MITA,10.61,10.63,10.61,10.63,110379.0,2023-09-05
350,MITA,10.63,10.63,10.625,10.63,199026.0,2023-09-06
351,MITA,10.6299,10.6402,10.6299,10.635,247391.0,2023-09-07
352,MITA,10.63,10.6375,10.63,10.6375,11406.0,2023-09-08
353,MITA,10.64,10.7078,10.62,10.62,16516.0,2023-09-11
354,MITA,10.63,10.6309,10.62,10.62,146643.0,2023-09-12
355,MITA,10.63,10.63,10.62,10.63,12516.0,2023-09-18
356,MITA,10.68,10.69,10.63,10.63,3160.0,2023-09-19
357,MITA,10.65,10.66,10.65,10.66,223.0,2023-09-20
358,MITA,10.65,10.65,10.65,10.65,1300.0,2023-09-27
359,MITA,10.64,10.64,10.64,10.64,100.0,2023-09-28
360,MITA,10.64,10.64,10.64,10.64,100.0,2023-09-29
361,MITA,10.64,10.64,10.64,10.64,318.0,2023-10-02
362,MITA,10.64,10.64,10.64,10.64,160.0,2023-10-03
363,MITA,10.66,10.68,10.65,10.68,50621.0,2023-10-10
364,MITA,10.655,10.68,10.63,10.63,2948.0,2023-10-13
365,MITA,10.66,10.66,10.66,10.66,41229.0,2023-10-16
366,MITA,10.66,10.66,10.66,10.66,120.0,2023-10-17
367,MITA,10.66,10.66,10.66,10.66,100.0,2023-10-18
368,MITA,10.66,10.66,10.66,10.66,100.0,2023-10-19
369,MITA,10.66,10.66,10.62,10.63,25200.0,2023-10-20
370,MITA,10.6419,10.6457,10.62,10.64,7062.0,2023-10-24
371,MITA,10.6597,10.6597,10.6597,10.6597,200.0,2023-10-25
372,MITA,10.66,10.66,10.66,10.66,249.0,2023-10-26
373,MITA,10.66,10.66,10.66,10.66,232.0,2023-10-27
374,MITA,10.67,10.68,10.664,10.68,5317.0,2023-10-30
375,MITA,10.68,10.685,10.67,10.685,8113.0,2023-10-31
376,MITA,10.68,10.68,10.68,10.68,4852.0,2023-11-01
377,MITA,10.675,10.69,10.665,10.665,480996.0,2023-11-02
378,MITA,10.67,10.67,10.67,10.67,335147.0,2023-11-03
379,MITA,10.75,10.75,10.67,10.67,5442.0,2023-11-06
380,MITA,10.7,10.7,10.68,10.68,10019.0,2023-11-07
381,MITA,10.69,11.8,10.67,10.69,144672.0,2023-11-08
382,MITA,10.69,10.69,10.67,10.67,709.0,2023-11-13
383,MITA,10.68,10.68,10.68,10.68,420.0,2023-11-14
384,MITA,10.67,10.68,10.665,10.67,244132.0,2023-11-15
385,MITA,10.67,10.67,10.67,10.67,883.0,2023-11-16
386,MITA,10.67,10.68,10.67,10.68,1940469.0,2023-11-17
387,MITA,10.67,10.745,10.67,10.71,1123066.0,2023-11-20
388,MITA,10.6784,10.7,10.6784,10.69,110188.0,2023-11-21
389,MITA,10.71,10.71,10.69,10.69,837.0,2023-11-22
390,MITA,10.7,10.7,10.7,10.7,20300.0,2023-11-24
391,MITA,10.53,10.62,10.53,10.6,29504.0,2023-11-27
392,MITA,10.61,10.65,10.61,10.63,340375.0,2023-11-28
393,MITA,10.61,10.64,10.6,10.63,1731.0,2023-11-29
394,MITA,10.63,10.71,10.63,10.7001,521257.0,2023-11-30
395,MITA,10.62,10.64,10.61,10.635,19148.0,2023-12-05
396,MITA,10.64,10.64,10.635,10.635,30118.0,2023-12-11
397,MITA,10.69,10.69,10.62,10.64,1209.0,2023-12-12
398,MITA,10.63,10.64,10.625,10.63,255327.0,2023-12-15
399,MITA,10.65,10.65,10.64,10.64,4130.0,2023-12-18
400,MITA,10.615,10.615,10.6,10.6,1028.0,2023-12-20
401,MITA,10.62,10.6501,10.62,10.65,543458.0,2023-12-21
402,MITA,10.64,10.66,10.64,10.66,320.0,2023-12-22
403,MITA,10.66,10.66,10.66,10.66,6376.0,2023-12-28
404,MITA,10.7,10.7,10.7,10.7,4285.0,2024-01-04
405,MITA,10.6996,10.7,10.65,10.65,2970.0,2024-01-11
406,MITA,10.67,10.68,10.67,10.67,8759.0,2024-01-12
407,MITA,10.67,10.7,10.66,10.7,1092.0,2024-01-16
408,MITA,10.69,10.7,10.69,10.7,140029.0,2024-01-18
409,MITA,10.71,10.71,10.71,10.71,4858.0,2024-01-19
410,MITA,10.72,10.75,10.7,10.71,50900.0,2024-01-22
411,MITA,10.71,10.71,10.71,10.71,47383.0,2024-01-23
412,MITA,10.81,10.81,10.71,10.71,2059.0,2024-01-26
413,MITA,10.72,11.0,10.72,11.0,2367.0,2024-01-29
414,MITA,10.97,10.97,10.79,10.8,555.0,2024-01-30
415,MITA,11.6,11.6,10.71,10.72,7077.0,2024-01-31
416,MITA,11.255,11.75,10.72,10.73,10261.0,2024-02-01
417,MITA,11.2,11.5,10.73,10.73,2364.0,2024-02-02
418,MITA,10.76,11.0,10.76,10.91,1329.0,2024-02-05
419,MITA,11.19,11.19,10.94,10.94,699.0,2024-02-06
420,MITA,10.86,10.87,10.86,10.87,998.0,2024-02-07
421,MITA,10.74,10.75,10.74,10.75,504.0,2024-02-08
422,MITA,10.74,10.74,10.74,10.74,305.0,2024-02-09
423,MITA,11.5377,11.5377,10.73,10.73,482.0,2024-02-13
424,MITA,10.73,10.83,10.6899,10.75,5844.0,2024-02-15
425,MITA,10.72,10.8,10.72,10.72,1143.0,2024-02-20
426,MITA,10.73,10.75,10.73,10.73,2980.0,2024-02-21
427,MITA,10.73,10.73,10.73,10.73,902.0,2024-02-23
428,MITA,10.72,10.72,10.72,10.72,117.0,2024-03-04
429,MITA,10.72,10.72,10.72,10.72,173.0,2024-03-05
430,MITA,10.72,10.72,10.72,10.72,119.0,2024-03-06
431,MITA,10.74,10.74,10.74,10.74,488.0,2024-03-07
432,MITA,10.74,10.74,10.74,10.74,555.0,2024-03-08
433,MITA,10.74,10.74,10.74,10.74,103.0,2024-03-12
434,MITA,10.74,10.74,10.74,10.74,600.0,2024-03-14
435,MITA,10.735,10.735,10.735,10.735,138.0,2024-03-18
436,MITA,10.74,10.75,10.74,10.75,4083.0,2024-03-19
437,MITA,10.75,10.75,10.75,10.75,101.0,2024-03-26
438,MITA,10.77,10.77,10.77,10.77,100.0,2024-03-27
439,MITA,10.75,10.75,10.75,10.75,405.0,2024-03-28
440,MITA,11.14,11.81,10.81,10.92,1424.0,2024-04-01
441,MITA,10.9932,10.9932,10.9932,10.9932,237.0,2024-04-04
442,MITA,10.8,10.83,10.8,10.83,1150.0,2024-04-11
443,MITA,10.82,10.82,10.82,10.82,412.0,2024-04-17
444,MITA,10.85,10.85,10.8,10.82,10448.0,2024-04-19
445,MITA,10.82,10.82,10.82,10.82,4429.0,2024-04-24
446,MITA,10.82,10.82,10.82,10.82,4395.0,2024-05-16
447,MITA,10.9,10.9,10.85,10.85,2608.0,2024-05-20
448,MITA,10.94,10.99,10.94,10.94,1144.0,2024-05-31
449,MITA,11.1,11.1,11.1,11.1,567.0,2024-06-03
450,MITA,10.94,10.94,10.88,10.88,1421.0,2024-06-04
451,MITA,10.88,10.88,10.88,10.88,1416.0,2024-06-05
452,MITA,11.14,11.14,11.14,11.14,252.0,2024-06-10
453,MITA,11.15,11.15,10.94,10.94,202.0,2024-06-12
454,MITA,11.153,11.153,11.153,11.153,456.0,2024-06-14
455,MITA,11.175,11.225,10.96,10.96,1402.0,2024-06-24
456,MITA,10.98,10.98,10.98,10.98,188.0,2024-07-15
457,MITA,11.0,11.0,10.98,10.98,1315.0,2024-07-18
458,MITA,11.0,11.19,10.99,11.19,2465.0,2024-07-22
459,MITA,10.98,10.98,10.98,10.98,6657.0,2024-07-23
460,MITA,11.0,11.0001,11.0,11.0001,4725.0,2024-07-24
461,MITA,11.0,11.0,11.0,11.0,93302.0,2024-07-30
462,MITA,11.0,11.0,11.0,11.0,2002.0,2024-07-31
463,MITA,11.04,11.04,11.0,11.0,1132.0,2024-08-01
464,MITA,11.0211,11.04,11.01,11.03,2815.0,2024-08-02
465,MITA,11.085,11.085,10.98,11.01,1566.0,2024-08-05
466,MITA,11.04,11.04,11.0,11.02,155094.0,2024-08-06
467,MITA,11.0,11.0,11.0,11.0,166.0,2024-08-07
468,MITA,11.04,11.04,11.0,11.04,4717.0,2024-08-08
469,MITA,11.01,11.01,11.01,11.01,355.0,2024-08-13
470,MITA,11.03,11.03,11.03,11.03,458.0,2024-08-14
471,MITA,11.07,11.08,11.01,11.03,2413.0,2024-08-16
472,MITA,11.08,11.08,11.01,11.07,3687.0,2024-08-19
473,MITA,11.07,11.08,11.07,11.08,9724.0,2024-08-20
474,MITA,11.08,11.08,11.02,11.02,26785.0,2024-08-21
475,MITA,11.26,11.26,11.08,11.08,2603.0,2024-08-23
476,MITA,12.8,12.8,11.51,11.51,1230.0,2024-08-27
477,MITA,11.615,11.615,11.08,11.08,202.0,2024-08-30
478,MITA,11.08,11.08,11.07,11.07,230.0,2024-09-03
479,MITA,11.12,11.12,11.11,11.11,4738.0,2024-09-04
480,MITA,11.12,11.1201,11.11,11.11,19863.0,2024-09-05
481,MITA,11.13,11.51,11.12,11.13,248311.0,2024-09-09
482,MITA,11.24,12.75,11.13,11.15,9112.0,2024-09-10
483,MITA,11.12,11.12,11.12,11.12,1001.0,2024-09-11
484,MITA,11.14,11.15,11.12,11.12,12726.0,2024-09-12
485,MITA,11.12,11.13,11.12,11.13,451.0,2024-09-13
486,MITA,11.12,11.12,11.12,11.12,2608.0,2024-09-16
