,ticker,open,high,low,close,volume,timestamp
0,RTX,51.0,53.3,48.05,49.93,18975069.0,2020-04-03
1,RTX,54.48,58.9,52.64,57.56,28995286.0,2020-04-06
2,RTX,62.42,64.49,57.22,57.76,27458596.0,2020-04-07
3,RTX,58.35,63.98,57.9,62.62,26770558.0,2020-04-08
4,RTX,67.0,68.1,63.51,64.71,25014739.0,2020-04-09
5,RTX,64.23,64.4,60.09,61.83,15423032.0,2020-04-13
6,RTX,63.63,65.34,62.6,65.07,17027920.0,2020-04-14
7,RTX,65.0,65.105,61.23,62.33,17012047.0,2020-04-15
8,RTX,62.46,62.72,61.3,62.45,14305222.0,2020-04-16
9,RTX,64.75,66.5,64.1801,66.07,14665002.0,2020-04-17
10,RTX,64.5,66.93,63.72,64.98,10833989.0,2020-04-20
11,RTX,63.62,64.5478,62.15,62.65,10088613.0,2020-04-21
12,RTX,64.32,64.9,63.1004,63.45,9559439.0,2020-04-22
13,RTX,63.89,64.877,63.25,63.29,9419746.0,2020-04-23
14,RTX,63.98,64.08,62.5,63.43,8656067.0,2020-04-24
15,RTX,64.43,65.42,63.84,65.07,8455371.0,2020-04-27
16,RTX,66.52,67.29,64.81,65.39,10652029.0,2020-04-28
17,RTX,67.35,68.79,66.06,67.9,10444432.0,2020-04-29
18,RTX,67.45,67.45,64.7,64.81,12623260.0,2020-04-30
19,RTX,63.5,63.61,60.215,61.11,13782116.0,2020-05-01
20,RTX,60.02,60.03,57.57,58.85,15853664.0,2020-05-04
21,RTX,60.26,60.47,58.87,59.0,12961903.0,2020-05-05
22,RTX,59.3,59.3927,57.75,57.92,8895751.0,2020-05-06
23,RTX,58.63,59.24,56.44,57.01,27069199.0,2020-05-07
24,RTX,57.72,58.75,57.35,58.67,10331963.0,2020-05-08
25,RTX,57.72,57.9299,56.33,57.36,10794766.0,2020-05-11
26,RTX,57.38,58.44,56.72,56.72,11028548.0,2020-05-12
27,RTX,56.09,56.09,53.18,54.1,14165152.0,2020-05-13
28,RTX,52.67,53.91,51.13,53.86,16888579.0,2020-05-14
29,RTX,53.04,53.27,51.66,52.73,22337255.0,2020-05-15
30,RTX,55.65,58.62,55.5156,57.9,20016200.0,2020-05-18
31,RTX,57.89,60.14,57.4,57.94,14610381.0,2020-05-19
32,RTX,58.71,59.065,57.69,57.8,10485289.0,2020-05-20
33,RTX,58.3,60.21,58.2,60.1,10435639.0,2020-05-21
34,RTX,60.39,60.77,59.33,60.0,6618745.0,2020-05-22
35,RTX,62.56,65.55,62.36,64.47,16097126.0,2020-05-26
36,RTX,67.0,67.989,65.17,66.65,14150937.0,2020-05-27
37,RTX,68.78,68.78,66.14,67.27,12865301.0,2020-05-28
38,RTX,65.6,66.6,64.14,64.52,14075652.0,2020-05-29
39,RTX,65.0,66.035,64.07,64.12,11431636.0,2020-06-01
40,RTX,63.7,64.2,62.56,63.4,15076415.0,2020-06-02
41,RTX,64.5,67.73,64.4375,67.47,15997277.0,2020-06-03
42,RTX,67.1,67.83,66.31,67.51,10296602.0,2020-06-04
43,RTX,71.03,73.74,71.0,72.07,14421540.0,2020-06-05
44,RTX,72.5,74.93,72.5,74.16,12161109.0,2020-06-08
45,RTX,72.65,72.65,70.51,70.54,10080419.0,2020-06-09
46,RTX,70.14,70.2899,68.05,68.36,9894760.0,2020-06-10
47,RTX,63.99,65.71,62.82,62.85,14012486.0,2020-06-11
48,RTX,65.97,66.0699,63.36,65.37,9720728.0,2020-06-12
49,RTX,63.0,67.76,62.4365,67.05,13695635.0,2020-06-15
50,RTX,69.62,70.1,66.045,67.82,11679713.0,2020-06-16
51,RTX,68.0,68.2,66.6301,66.9,9384343.0,2020-06-17
52,RTX,65.83,67.43,65.61,66.88,6559805.0,2020-06-18
53,RTX,68.36,68.36,64.47,64.89,20427576.0,2020-06-19
54,RTX,64.81,65.42,63.9333,65.04,7645253.0,2020-06-22
55,RTX,65.46,65.78,64.16,64.54,7013741.0,2020-06-23
56,RTX,63.99,64.01,61.07,61.72,9987898.0,2020-06-24
57,RTX,60.92,61.38,59.96,61.06,12830585.0,2020-06-25
58,RTX,61.02,61.42,58.94,59.1,17613170.0,2020-06-26
59,RTX,60.19,61.92,59.8,61.92,9039078.0,2020-06-29
60,RTX,61.05,61.86,60.08,61.62,10882655.0,2020-06-30
61,RTX,61.78,62.9,61.23,61.61,6948855.0,2020-07-01
62,RTX,62.67,63.4562,61.62,61.79,8331381.0,2020-07-02
63,RTX,63.06,63.83,62.12,63.32,6225944.0,2020-07-06
64,RTX,62.54,62.83,60.94,61.01,8882465.0,2020-07-07
65,RTX,60.88,61.6372,60.2,61.01,9387096.0,2020-07-08
66,RTX,60.66,60.88,58.06,58.11,10870541.0,2020-07-09
67,RTX,59.1,60.2,58.77,59.64,10569028.0,2020-07-10
68,RTX,60.28,60.8,58.7383,59.35,7563954.0,2020-07-13
69,RTX,59.0,60.56,58.45,60.47,7342166.0,2020-07-14
70,RTX,62.35,63.22,62.05,62.94,9179337.0,2020-07-15
71,RTX,62.3,62.81,61.45,62.37,5764855.0,2020-07-16
72,RTX,62.47,62.61,61.71,62.2,11123465.0,2020-07-17
73,RTX,61.78,62.03,60.82,61.41,6781481.0,2020-07-20
74,RTX,62.0,63.48,61.83,63.05,7536317.0,2020-07-21
75,RTX,62.6,63.73,62.1735,63.63,5845216.0,2020-07-22
76,RTX,63.59,64.33,62.88,63.12,6106441.0,2020-07-23
77,RTX,63.21,63.97,61.785,62.07,6133129.0,2020-07-24
78,RTX,61.65,61.85,60.65,61.09,10304441.0,2020-07-27
79,RTX,61.74,61.8151,59.75,61.0,13215577.0,2020-07-28
80,RTX,60.7,60.99,59.06,59.4,11327154.0,2020-07-29
81,RTX,58.62,58.65,57.27,57.46,12472156.0,2020-07-30
82,RTX,57.36,57.38,56.11,56.68,11576871.0,2020-07-31
83,RTX,56.47,57.52,55.73,57.51,8912772.0,2020-08-03
84,RTX,57.72,57.91,57.12,57.51,7971067.0,2020-08-04
85,RTX,57.85,60.05,57.7,60.03,10278563.0,2020-08-05
86,RTX,59.5,60.41,59.3,59.87,5885224.0,2020-08-06
87,RTX,59.87,61.29,59.3493,61.23,6344327.0,2020-08-07
88,RTX,61.5,64.435,61.36,64.23,10120751.0,2020-08-10
89,RTX,65.19,66.15,64.075,64.26,12285656.0,2020-08-11
90,RTX,65.13,65.14,63.38,64.29,7406717.0,2020-08-12
91,RTX,63.06,64.0377,62.65,63.3,9538067.0,2020-08-13
92,RTX,62.8,64.24,62.59,63.64,5201275.0,2020-08-14
93,RTX,63.58,63.88,62.675,62.77,6495545.0,2020-08-17
94,RTX,62.72,63.17,62.025,62.1,4803981.0,2020-08-18
95,RTX,62.02,62.91,61.5,61.64,5445933.0,2020-08-19
96,RTX,61.0,61.42,60.335,60.99,4776260.0,2020-08-20
97,RTX,60.67,61.28,60.23,60.27,7356492.0,2020-08-21
98,RTX,60.4,62.04,60.13,61.88,6473680.0,2020-08-24
99,RTX,61.36,61.4,59.64,60.95,12898171.0,2020-08-25
100,RTX,60.64,60.9238,59.985,60.77,8783869.0,2020-08-26
101,RTX,60.76,61.96,60.375,60.9,8866931.0,2020-08-27
102,RTX,61.12,62.53,60.63,62.24,18621096.0,2020-08-28
103,RTX,62.19,63.57,60.92,61.0,11010377.0,2020-08-31
104,RTX,60.69,61.35,60.12,60.68,9466909.0,2020-09-01
105,RTX,61.0,62.15,60.76,62.0,7604494.0,2020-09-02
106,RTX,62.19,63.2,60.42,60.86,8610895.0,2020-09-03
107,RTX,61.49,62.2066,59.94,61.17,6867130.0,2020-09-04
108,RTX,60.38,60.59,58.82,59.25,10716522.0,2020-09-08
109,RTX,59.77,60.31,58.89,59.58,7648677.0,2020-09-09
110,RTX,60.3,61.68,59.38,59.52,8830040.0,2020-09-10
111,RTX,59.5,60.9,59.4,60.65,9852857.0,2020-09-11
112,RTX,61.28,62.23,61.08,61.97,6630871.0,2020-09-14
113,RTX,61.74,62.44,60.955,61.44,6950802.0,2020-09-15
114,RTX,61.24,63.73,60.91,62.92,8998248.0,2020-09-16
115,RTX,62.23,64.01,61.56,62.81,6188555.0,2020-09-17
116,RTX,62.57,63.33,62.1,62.35,17812584.0,2020-09-18
117,RTX,61.58,62.5688,59.63,60.02,8976851.0,2020-09-21
118,RTX,59.94,60.78,58.9301,59.79,5978256.0,2020-09-22
119,RTX,59.82,60.88,58.3,58.33,7375662.0,2020-09-23
120,RTX,58.05,58.32,56.62,57.38,7812206.0,2020-09-24
121,RTX,56.87,57.74,56.34,57.49,12095238.0,2020-09-25
122,RTX,58.09,59.57,58.09,58.89,5559701.0,2020-09-28
123,RTX,58.68,58.79,57.4889,57.6,6478940.0,2020-09-29
124,RTX,57.61,58.605,57.1,57.54,7793933.0,2020-09-30
125,RTX,57.82,58.45,57.09,57.46,6596662.0,2020-10-01
126,RTX,56.52,59.38,56.51,59.34,8527325.0,2020-10-02
127,RTX,59.85,60.33,59.17,59.51,6145719.0,2020-10-05
128,RTX,59.81,60.58,58.43,58.45,7263370.0,2020-10-06
129,RTX,59.31,59.94,58.95,59.69,4987748.0,2020-10-07
130,RTX,59.82,60.85,59.6816,60.8,4552629.0,2020-10-08
131,RTX,61.22,61.33,59.89,59.91,4063273.0,2020-10-09
132,RTX,59.84,60.68,59.56,60.53,5482903.0,2020-10-12
133,RTX,59.75,60.1,58.53,59.52,8938063.0,2020-10-13
134,RTX,59.28,60.34,59.21,59.94,6057655.0,2020-10-14
135,RTX,59.37,60.5,58.92,60.49,6240243.0,2020-10-15
136,RTX,61.0,62.04,60.64,61.75,8687080.0,2020-10-16
137,RTX,61.6,62.67,61.0,61.46,7460203.0,2020-10-19
138,RTX,61.98,62.3126,61.04,61.24,6038170.0,2020-10-20
139,RTX,60.42,61.1,60.19,60.35,5764425.0,2020-10-21
140,RTX,60.23,62.97,60.22,62.8,7085624.0,2020-10-22
141,RTX,63.07,63.79,62.42,62.57,5979327.0,2020-10-23
142,RTX,61.65,61.75,59.88,60.81,7629352.0,2020-10-26
143,RTX,59.77,59.8,56.44,56.53,14883815.0,2020-10-27
144,RTX,55.2,56.07,52.25,52.34,20038073.0,2020-10-28
145,RTX,52.5,53.48,51.92,53.14,15157000.0,2020-10-29
146,RTX,53.12,54.45,52.92,54.32,14712041.0,2020-10-30
147,RTX,55.4,56.0,53.91,55.75,9872462.0,2020-11-02
148,RTX,56.51,57.51,56.34,57.04,7823394.0,2020-11-03
149,RTX,57.36,58.59,56.14,56.82,8781831.0,2020-11-04
150,RTX,57.11,58.82,56.87,58.28,7539587.0,2020-11-05
151,RTX,57.63,58.85,57.24,58.56,7968961.0,2020-11-06
152,RTX,65.12,66.39,62.49,64.99,19464417.0,2020-11-09
153,RTX,66.1,68.15,65.75,67.89,14581522.0,2020-11-10
154,RTX,67.65,67.7,65.12,65.85,10260918.0,2020-11-11
155,RTX,63.88,64.6378,63.27,63.99,8483146.0,2020-11-12
156,RTX,64.78,66.4,64.52,66.15,6916639.0,2020-11-13
157,RTX,67.56,69.044,67.15,68.66,13054307.0,2020-11-16
158,RTX,67.52,69.62,67.355,68.87,11217455.0,2020-11-17
159,RTX,69.665,71.315,69.33,69.51,13492880.0,2020-11-18
160,RTX,68.65,71.23,68.2,71.11,9065054.0,2020-11-19
161,RTX,70.8,71.12,69.65,69.76,6073584.0,2020-11-20
162,RTX,70.82,72.84,70.34,72.64,7297506.0,2020-11-23
163,RTX,74.09,75.32,73.8,74.36,10699519.0,2020-11-24
164,RTX,73.55,74.19,72.9,73.81,5485986.0,2020-11-25
165,RTX,73.77,74.4,73.3901,73.91,5103396.0,2020-11-27
166,RTX,73.09,73.55,71.36,71.72,10824273.0,2020-11-30
167,RTX,72.72,72.94,71.21,71.23,6631449.0,2020-12-01
168,RTX,71.19,72.345,70.69,71.94,5477265.0,2020-12-02
169,RTX,72.11,74.39,71.91,73.29,6968748.0,2020-12-03
170,RTX,73.38,74.6578,73.38,73.91,9361081.0,2020-12-04
171,RTX,73.38,73.75,72.55,73.04,4993497.0,2020-12-07
172,RTX,73.19,74.51,72.79,74.48,4470210.0,2020-12-08
173,RTX,74.47,74.815,73.28,73.54,5412578.0,2020-12-09
174,RTX,72.97,73.74,72.45,72.98,7571705.0,2020-12-10
175,RTX,72.66,73.58,72.36,72.89,7263202.0,2020-12-11
176,RTX,73.4,73.834,70.71,70.8,10932095.0,2020-12-14
177,RTX,71.5,71.8,70.1,71.04,8199103.0,2020-12-15
178,RTX,71.15,71.175,70.4522,70.57,5681255.0,2020-12-16
179,RTX,71.39,71.49,70.51,70.64,5907749.0,2020-12-17
180,RTX,70.57,70.76,69.81,70.17,17990047.0,2020-12-18
181,RTX,68.69,70.24,67.78,69.67,8497861.0,2020-12-21
182,RTX,69.49,70.11,68.97,69.25,4157821.0,2020-12-22
183,RTX,69.79,71.41,69.59,70.72,4385432.0,2020-12-23
184,RTX,70.95,70.95,69.89,70.27,1758644.0,2020-12-24
185,RTX,70.7,71.46,70.3422,70.63,2984551.0,2020-12-28
186,RTX,71.0,71.1,69.67,70.34,3729472.0,2020-12-29
187,RTX,70.5,71.64,70.34,71.36,5069191.0,2020-12-30
188,RTX,71.35,71.7,70.94,71.51,4227582.0,2020-12-31
189,RTX,71.38,71.56,68.31,68.43,7755545.0,2021-01-04
190,RTX,68.76,69.88,68.4,69.42,6514360.0,2021-01-05
191,RTX,68.5,71.49,68.4499,70.28,8867453.0,2021-01-06
192,RTX,70.35,70.87,69.69,69.78,8894494.0,2021-01-07
193,RTX,69.96,70.08,68.7,69.86,5235585.0,2021-01-08
194,RTX,68.79,69.849,68.52,69.8,4640708.0,2021-01-11
195,RTX,69.69,71.72,69.57,71.52,5441188.0,2021-01-12
196,RTX,71.3,71.45,69.785,70.5,7100153.0,2021-01-13
197,RTX,71.0,72.37,70.55,70.94,9810579.0,2021-01-14
198,RTX,70.31,70.33,68.95,69.2,7542330.0,2021-01-15
199,RTX,69.78,70.05,69.15,69.36,7458593.0,2021-01-19
200,RTX,69.47,69.53,68.615,68.84,4761205.0,2021-01-20
201,RTX,68.33,68.7,67.85,68.11,7477161.0,2021-01-21
202,RTX,67.72,68.11,67.12,67.58,4644751.0,2021-01-22
203,RTX,66.04,66.52,65.02,66.28,10707422.0,2021-01-25
204,RTX,69.2,70.93,67.19,67.2,13488681.0,2021-01-26
205,RTX,66.55,67.76,65.25,65.5,12509900.0,2021-01-27
206,RTX,66.44,69.29,66.21,68.17,8839465.0,2021-01-28
207,RTX,67.11,67.56,66.11,66.73,15774720.0,2021-01-29
208,RTX,67.6,67.6,66.13,66.96,6086915.0,2021-02-01
209,RTX,67.67,70.42,67.55,70.14,8791428.0,2021-02-02
210,RTX,69.76,70.915,69.3704,70.58,8479300.0,2021-02-03
211,RTX,71.07,72.81,70.73,72.68,9105473.0,2021-02-04
212,RTX,73.35,73.8799,72.0,72.33,8077234.0,2021-02-05
213,RTX,72.28,72.68,71.81,72.49,5071105.0,2021-02-08
214,RTX,72.25,73.337,71.565,73.04,6310749.0,2021-02-09
215,RTX,72.76,73.14,72.14,72.47,3990014.0,2021-02-10
216,RTX,72.47,73.19,71.17,72.33,4590559.0,2021-02-11
217,RTX,72.09,72.82,71.815,72.61,4261828.0,2021-02-12
218,RTX,72.84,73.25,72.04,72.61,6193132.0,2021-02-16
219,RTX,72.29,73.21,72.08,73.06,5324689.0,2021-02-17
220,RTX,72.47,73.05,72.02,72.88,4970246.0,2021-02-18
221,RTX,73.38,74.31,73.1,74.26,6530924.0,2021-02-19
222,RTX,72.25,74.26,72.22,73.0,10667339.0,2021-02-22
223,RTX,73.41,74.01,72.53,73.99,11804484.0,2021-02-23
224,RTX,74.19,78.17,73.52,77.67,11248274.0,2021-02-24
225,RTX,76.66,77.12,72.95,73.32,9585064.0,2021-02-25
226,RTX,73.93,73.93,71.99,71.99,8081756.0,2021-02-26
227,RTX,73.51,75.34,73.1,74.36,10998894.0,2021-03-01
228,RTX,74.31,75.4189,74.2,74.67,5859505.0,2021-03-02
229,RTX,74.8,76.385,74.6531,75.07,6018887.0,2021-03-03
230,RTX,75.02,76.46,72.74,74.42,8351959.0,2021-03-04
231,RTX,75.23,75.565,73.1,75.18,6720391.0,2021-03-05
232,RTX,76.11,77.34,75.54,75.61,7330966.0,2021-03-08
233,RTX,76.04,76.7,74.75,74.83,6621377.0,2021-03-09
234,RTX,75.4,77.15,74.99,76.56,6856964.0,2021-03-10
235,RTX,76.57,78.08,76.2,77.05,6387701.0,2021-03-11
236,RTX,78.0,78.87,77.68,78.52,6150273.0,2021-03-12
237,RTX,78.78,80.06,78.35,79.57,7943253.0,2021-03-15
238,RTX,79.44,79.665,78.005,78.24,6002660.0,2021-03-16
239,RTX,78.46,79.84,78.31,79.56,6758159.0,2021-03-17
240,RTX,79.22,79.92,77.88,77.94,6141644.0,2021-03-18
241,RTX,78.0,78.545,76.12,78.36,15881822.0,2021-03-19
242,RTX,78.36,78.54,76.59,76.92,7570072.0,2021-03-22
243,RTX,76.27,77.17,75.01,75.18,8369307.0,2021-03-23
244,RTX,76.23,77.83,75.55,75.55,7814298.0,2021-03-24
245,RTX,75.1,77.67,74.63,77.53,6486964.0,2021-03-25
246,RTX,77.41,78.26,76.57,78.17,6259294.0,2021-03-26
247,RTX,78.31,78.99,77.53,77.68,7230547.0,2021-03-29
248,RTX,77.62,78.45,77.26,77.82,5585112.0,2021-03-30
249,RTX,77.84,78.2238,77.05,77.27,6066823.0,2021-03-31
250,RTX,77.61,77.8,76.925,77.28,6287838.0,2021-04-01
251,RTX,77.86,78.45,77.54,77.91,5707367.0,2021-04-05
252,RTX,77.59,78.09,77.2,77.51,8566943.0,2021-04-06
253,RTX,77.49,78.11,77.05,77.6,5396233.0,2021-04-07
254,RTX,77.13,77.56,76.49,77.48,5116115.0,2021-04-08
255,RTX,78.54,78.88,77.65,78.29,5531161.0,2021-04-09
256,RTX,78.25,78.82,78.13,78.72,5562290.0,2021-04-12
257,RTX,78.0,78.08,76.7418,77.7,5585033.0,2021-04-13
258,RTX,78.0,78.685,77.7671,77.96,4919139.0,2021-04-14
259,RTX,78.16,78.28,76.98,77.97,5176360.0,2021-04-15
260,RTX,78.59,78.59,77.05,78.22,8017133.0,2021-04-16
261,RTX,78.12,78.73,77.7358,78.59,6318708.0,2021-04-19
262,RTX,77.8,77.91,76.0705,77.09,8761872.0,2021-04-20
263,RTX,76.81,78.94,76.4,78.87,5250102.0,2021-04-21
264,RTX,78.99,79.91,78.55,78.74,6770304.0,2021-04-22
265,RTX,78.81,80.76,78.81,80.54,7229052.0,2021-04-23
266,RTX,81.0,82.07,80.795,81.0,12267696.0,2021-04-26
267,RTX,82.76,83.69,80.88,82.81,11193079.0,2021-04-27
268,RTX,81.48,83.12,81.48,83.08,7264724.0,2021-04-28
269,RTX,83.56,83.8,82.505,82.87,6329170.0,2021-04-29
270,RTX,82.55,83.4078,82.35,83.24,5677013.0,2021-04-30
271,RTX,83.8,84.445,83.28,84.14,5917736.0,2021-05-03
272,RTX,84.12,84.59,83.1501,83.94,9369817.0,2021-05-04
273,RTX,83.63,84.67,83.54,84.13,4737254.0,2021-05-05
274,RTX,84.81,84.9,83.5301,84.68,4962467.0,2021-05-06
275,RTX,84.81,85.9298,84.14,85.71,6116574.0,2021-05-07
276,RTX,86.86,87.04,84.93,85.04,9143221.0,2021-05-10
277,RTX,84.24,85.2,83.35,84.33,6804115.0,2021-05-11
278,RTX,84.23,84.86,82.22,82.28,6150593.0,2021-05-12
279,RTX,82.3,84.28,82.14,83.78,4774504.0,2021-05-13
280,RTX,84.45,86.07,84.355,85.88,5063463.0,2021-05-14
281,RTX,85.06,86.57,85.06,86.57,5161709.0,2021-05-17
282,RTX,86.2,86.96,85.35,85.38,7494858.0,2021-05-18
283,RTX,84.84,85.27,83.58,85.21,9423397.0,2021-05-19
284,RTX,84.74,85.56,84.09,85.23,10137092.0,2021-05-20
285,RTX,85.85,87.1,85.55,85.81,6019170.0,2021-05-21
286,RTX,86.49,86.95,86.0,86.48,5169473.0,2021-05-24
287,RTX,86.63,87.28,85.99,86.26,7663476.0,2021-05-25
288,RTX,86.33,86.73,86.0,86.5,4866309.0,2021-05-26
289,RTX,88.5,88.81,87.705,88.61,10605245.0,2021-05-27
290,RTX,88.4,88.83,88.035,88.71,4926848.0,2021-05-28
291,RTX,89.81,89.93,88.84,88.99,4388088.0,2021-06-01
292,RTX,89.25,89.25,88.4465,88.63,4478613.0,2021-06-02
293,RTX,88.11,88.967,87.885,88.68,4123626.0,2021-06-03
294,RTX,88.65,89.24,88.5484,89.02,4147831.0,2021-06-04
295,RTX,88.97,89.15,88.48,88.97,5739334.0,2021-06-07
296,RTX,89.2,89.78,88.76,89.45,4839821.0,2021-06-08
297,RTX,89.36,89.57,88.82,88.85,4629394.0,2021-06-09
298,RTX,89.8,89.98,88.16,88.25,4872637.0,2021-06-10
299,RTX,88.7,88.97,88.165,88.81,4126490.0,2021-06-11
300,RTX,88.72,89.19,88.245,88.72,5973360.0,2021-06-14
301,RTX,88.95,89.795,88.8,89.4,5394568.0,2021-06-15
302,RTX,89.23,89.43,87.95,88.43,8090635.0,2021-06-16
303,RTX,88.48,88.73,86.32,87.13,7560917.0,2021-06-17
304,RTX,85.9,86.73,85.62,85.92,11162629.0,2021-06-18
305,RTX,86.75,88.14,86.52,88.0,5152998.0,2021-06-21
306,RTX,87.68,88.06,86.86,87.38,4218357.0,2021-06-22
307,RTX,87.42,87.61,86.57,86.6,3561602.0,2021-06-23
308,RTX,87.18,87.18,86.255,86.85,5381635.0,2021-06-24
309,RTX,87.03,87.4,86.68,86.72,6671895.0,2021-06-25
310,RTX,86.39,86.4,84.76,85.11,5788572.0,2021-06-28
311,RTX,85.38,85.87,84.34,84.44,6539835.0,2021-06-29
312,RTX,84.34,85.67,84.14,85.31,4793170.0,2021-06-30
313,RTX,85.42,86.25,85.27,86.22,3943535.0,2021-07-01
314,RTX,86.5,87.0,85.83,86.7,4237375.0,2021-07-02
315,RTX,86.15,86.49,84.93,85.75,4220923.0,2021-07-06
316,RTX,85.17,86.04,84.82,85.83,4185896.0,2021-07-07
317,RTX,84.6,85.775,84.02,85.44,4729794.0,2021-07-08
318,RTX,86.5,86.75,86.02,86.38,4601040.0,2021-07-09
319,RTX,85.56,86.4,85.02,86.22,5516522.0,2021-07-12
320,RTX,86.17,86.24,85.26,85.33,4661733.0,2021-07-13
321,RTX,85.18,85.885,84.46,84.91,3724373.0,2021-07-14
322,RTX,84.09,85.525,83.94,84.98,3516390.0,2021-07-15
323,RTX,85.62,85.75,83.3,83.53,4153913.0,2021-07-16
324,RTX,81.8,81.96,79.72,81.05,9313787.0,2021-07-19
325,RTX,81.3,85.13,81.02,84.8,7987146.0,2021-07-20
326,RTX,85.265,86.955,85.05,86.58,5468220.0,2021-07-21
327,RTX,86.27,86.5,85.19,85.82,4175771.0,2021-07-22
328,RTX,86.73,86.73,85.61,85.81,2667179.0,2021-07-23
329,RTX,85.73,86.2,85.42,85.95,3807917.0,2021-07-26
330,RTX,87.6,89.46,87.411,88.22,8519530.0,2021-07-27
331,RTX,89.12,89.12,86.9508,87.2,5595316.0,2021-07-28
332,RTX,88.63,88.65,87.49,87.65,4135438.0,2021-07-29
333,RTX,87.37,87.76,86.66,86.95,4443874.0,2021-07-30
334,RTX,87.14,88.74,86.51,86.61,4049194.0,2021-08-02
335,RTX,86.69,88.0,85.33,87.97,4629224.0,2021-08-03
336,RTX,86.87,87.39,85.65,85.82,5286297.0,2021-08-04
337,RTX,86.41,87.43,86.19,86.88,3604642.0,2021-08-05
338,RTX,87.45,87.98,87.17,87.58,3020236.0,2021-08-06
339,RTX,87.06,87.425,86.53,87.08,3265643.0,2021-08-09
340,RTX,87.19,88.06,87.0,87.65,2909254.0,2021-08-10
341,RTX,87.81,88.66,87.43,88.62,3724801.0,2021-08-11
342,RTX,88.4,88.655,87.375,87.98,2816687.0,2021-08-12
343,RTX,88.1,88.1355,87.1401,87.25,3051326.0,2021-08-13
344,RTX,86.72,87.26,85.5698,87.14,3896351.0,2021-08-16
345,RTX,86.4,87.165,85.65,86.61,3999539.0,2021-08-17
346,RTX,86.05,86.92,85.41,85.48,4256508.0,2021-08-18
347,RTX,84.33,84.84,82.965,83.35,5706976.0,2021-08-19
348,RTX,83.29,84.48,83.0,84.05,4502402.0,2021-08-20
349,RTX,84.58,85.575,84.51,84.96,3367674.0,2021-08-23
350,RTX,85.11,86.08,85.0,85.43,4726822.0,2021-08-24
351,RTX,85.62,86.44,85.0,85.73,3195152.0,2021-08-25
352,RTX,85.66,85.8,84.515,84.76,2595991.0,2021-08-26
353,RTX,85.18,86.14,85.15,85.4,3590389.0,2021-08-27
354,RTX,85.49,85.52,84.7,84.8,2936803.0,2021-08-30
355,RTX,84.65,85.42,84.34,84.76,3969570.0,2021-08-31
356,RTX,85.14,85.14,83.92,84.1,4109283.0,2021-09-01
357,RTX,84.2,84.95,84.1301,84.54,3471621.0,2021-09-02
358,RTX,84.38,84.63,83.5,83.65,3300713.0,2021-09-03
359,RTX,83.36,83.65,82.36,83.0,5779381.0,2021-09-07
360,RTX,82.83,83.48,82.2,82.87,3911458.0,2021-09-08
361,RTX,82.93,84.35,82.73,83.66,4521208.0,2021-09-09
362,RTX,84.18,84.46,82.8,83.0,3893652.0,2021-09-10
363,RTX,83.78,84.23,82.76,83.64,4814963.0,2021-09-13
364,RTX,83.8,83.84,82.26,82.74,5307200.0,2021-09-14
365,RTX,83.18,85.06,82.83,84.87,5714314.0,2021-09-15
366,RTX,84.94,85.13,83.88,84.02,5907479.0,2021-09-16
367,RTX,83.59,84.01,82.37,83.39,23129960.0,2021-09-17
368,RTX,81.9,83.6,81.52,83.45,8217120.0,2021-09-20
369,RTX,83.68,84.15,82.67,83.11,5900282.0,2021-09-21
370,RTX,83.97,85.96,83.61,85.27,6233674.0,2021-09-22
371,RTX,85.58,87.0,85.51,86.75,5906798.0,2021-09-23
372,RTX,86.57,87.67,86.355,87.16,4665947.0,2021-09-24
373,RTX,87.73,88.47,87.23,87.34,4162144.0,2021-09-27
374,RTX,87.1,87.73,86.47,86.84,5781422.0,2021-09-28
375,RTX,87.17,87.82,86.69,86.99,3612613.0,2021-09-29
376,RTX,87.49,87.5,85.86,85.96,5685934.0,2021-09-30
377,RTX,86.8,87.9308,86.14,87.48,5469816.0,2021-10-01
378,RTX,87.0,88.0,86.43,87.69,5490667.0,2021-10-04
379,RTX,88.0,89.49,87.73,88.72,4820786.0,2021-10-05
380,RTX,88.2,89.395,87.45,89.27,4354139.0,2021-10-06
381,RTX,89.89,90.6348,89.75,90.15,3750853.0,2021-10-07
382,RTX,90.3,90.83,89.74,90.62,3371807.0,2021-10-08
383,RTX,90.715,91.38,89.84,89.89,3048053.0,2021-10-11
384,RTX,89.61,90.56,89.16,89.72,3404093.0,2021-10-12
385,RTX,89.81,90.0,88.32,89.68,3285518.0,2021-10-13
386,RTX,90.32,90.47,89.11,89.17,4225460.0,2021-10-14
387,RTX,89.85,91.29,89.67,90.92,4581622.0,2021-10-15
388,RTX,90.1,91.12,89.32,90.8,3898711.0,2021-10-18
389,RTX,90.98,91.485,90.45,91.23,4195075.0,2021-10-19
390,RTX,90.69,91.905,90.08,91.68,3916588.0,2021-10-20
391,RTX,91.33,91.67,90.58,91.61,4275034.0,2021-10-21
392,RTX,91.67,92.32,91.18,91.86,4161147.0,2021-10-22
393,RTX,91.67,91.98,90.7,91.3,5953932.0,2021-10-25
394,RTX,88.29,91.19,87.0,89.16,9122480.0,2021-10-26
395,RTX,89.145,90.56,88.69,89.16,4273376.0,2021-10-27
396,RTX,89.36,89.805,88.74,89.19,4180169.0,2021-10-28
397,RTX,89.06,89.755,88.51,88.86,5012566.0,2021-10-29
398,RTX,88.91,89.19,87.96,88.55,4588981.0,2021-11-01
399,RTX,88.53,88.8089,87.195,87.8,4554287.0,2021-11-02
400,RTX,87.02,88.79,86.95,88.67,4148449.0,2021-11-03
401,RTX,88.34,89.09,87.76,88.06,3711749.0,2021-11-04
402,RTX,89.77,91.23,89.06,91.18,4330384.0,2021-11-05
403,RTX,91.31,91.67,90.31,90.71,4469157.0,2021-11-08
404,RTX,90.71,91.07,89.97,90.99,3372990.0,2021-11-09
405,RTX,91.02,91.4413,90.14,90.18,3503184.0,2021-11-10
406,RTX,90.08,90.42,88.69,89.05,4993765.0,2021-11-11
407,RTX,89.18,89.25,88.62,88.86,3273191.0,2021-11-12
408,RTX,89.63,89.63,88.84,89.35,3423200.0,2021-11-15
409,RTX,89.27,89.82,88.81,88.9,4746227.0,2021-11-16
410,RTX,88.76,89.05,87.19,87.45,3910607.0,2021-11-17
411,RTX,87.19,87.79,86.34,86.91,4376300.0,2021-11-18
412,RTX,86.25,86.25,85.06,85.43,5478249.0,2021-11-19
413,RTX,85.81,87.635,85.68,86.8,6820089.0,2021-11-22
414,RTX,87.32,87.74,86.74,87.31,5951135.0,2021-11-23
415,RTX,86.93,87.4837,86.68,87.19,3464747.0,2021-11-24
416,RTX,83.56,83.59,81.415,83.0,7113649.0,2021-11-26
417,RTX,84.09,84.45,82.52,82.94,5835140.0,2021-11-29
418,RTX,82.12,82.5,80.28,80.92,7966031.0,2021-11-30
419,RTX,82.14,82.14,79.0,79.05,8500202.0,2021-12-01
420,RTX,80.05,82.23,79.51,81.66,6409141.0,2021-12-02
421,RTX,81.61,82.115,80.12,81.11,6038895.0,2021-12-03
422,RTX,82.25,84.39,81.67,83.76,4964332.0,2021-12-06
423,RTX,84.43,85.8,84.05,85.01,5102916.0,2021-12-07
424,RTX,85.84,87.65,85.8,86.5,6749473.0,2021-12-08
425,RTX,86.0,86.57,85.52,86.16,4241870.0,2021-12-09
426,RTX,86.91,86.98,85.7001,86.16,3294350.0,2021-12-10
427,RTX,85.45,85.94,84.035,84.33,4173886.0,2021-12-13
428,RTX,83.63,84.74,83.23,83.5,6144785.0,2021-12-14
429,RTX,83.46,83.72,82.07,83.43,5388296.0,2021-12-15
430,RTX,84.26,84.52,82.46,82.7,4546379.0,2021-12-16
431,RTX,82.7,83.02,81.17,82.28,8907974.0,2021-12-17
432,RTX,81.03,81.35,79.69,81.03,5828482.0,2021-12-20
433,RTX,81.67,83.92,81.67,83.68,7301928.0,2021-12-21
434,RTX,83.48,84.745,83.43,84.07,3852823.0,2021-12-22
435,RTX,84.56,85.2,84.516,84.9,2649972.0,2021-12-23
436,RTX,84.72,85.395,84.235,85.24,2743913.0,2021-12-27
437,RTX,85.07,86.35,84.78,86.02,3220113.0,2021-12-28
438,RTX,85.58,86.07,85.22,85.89,2085270.0,2021-12-29
439,RTX,86.04,86.5,85.695,85.8,2459406.0,2021-12-30
440,RTX,85.73,86.33,85.5,86.06,2667804.0,2021-12-31
441,RTX,86.08,87.14,86.07,86.97,5169898.0,2022-01-03
442,RTX,87.87,90.0729,87.7,90.02,6044182.0,2022-01-04
443,RTX,90.2,91.53,89.4,89.57,6833572.0,2022-01-05
444,RTX,90.4,90.93,89.61,90.06,5559230.0,2022-01-06
445,RTX,90.26,91.365,90.09,90.44,4835353.0,2022-01-07
446,RTX,90.68,90.79,89.24,89.73,4884232.0,2022-01-10
447,RTX,89.74,90.84,89.27,90.72,4529788.0,2022-01-11
448,RTX,91.0,91.545,90.84,91.07,4613135.0,2022-01-12
449,RTX,91.38,92.46,90.9601,91.56,5026361.0,2022-01-13
450,RTX,91.05,92.48,90.72,92.33,4987361.0,2022-01-14
451,RTX,91.33,91.9,90.28,90.75,6010736.0,2022-01-18
452,RTX,90.73,91.34,89.58,89.7,4887775.0,2022-01-19
453,RTX,89.96,90.8341,88.25,88.36,5354651.0,2022-01-20
454,RTX,88.52,88.81,86.82,87.21,5846460.0,2022-01-21
455,RTX,85.77,88.3,84.8,88.12,8850470.0,2022-01-24
456,RTX,85.0,91.29,85.0,90.31,10377382.0,2022-01-25
457,RTX,89.98,91.52,87.47,88.98,9829055.0,2022-01-26
458,RTX,89.92,91.479,88.4,89.28,6998955.0,2022-01-27
459,RTX,88.97,90.37,87.48,90.33,5877612.0,2022-01-28
460,RTX,89.61,90.41,89.01,90.19,6419710.0,2022-01-31
461,RTX,90.1,90.935,89.27,90.73,6558402.0,2022-02-01
462,RTX,90.3,92.69,90.25,92.54,5978631.0,2022-02-02
463,RTX,92.15,92.985,91.6221,92.81,7171744.0,2022-02-03
464,RTX,92.36,93.9,92.11,93.01,6321395.0,2022-02-04
465,RTX,93.46,94.73,93.01,94.03,4932676.0,2022-02-07
466,RTX,93.83,95.315,92.87,95.07,8173420.0,2022-02-08
467,RTX,96.03,96.32,95.48,96.0,5394904.0,2022-02-09
468,RTX,95.32,96.96,94.55,95.06,6534377.0,2022-02-10
469,RTX,95.25,96.05,94.08,95.27,6532903.0,2022-02-11
470,RTX,95.51,95.6,92.89,93.57,6419230.0,2022-02-14
471,RTX,93.59,94.9,93.57,94.04,4616345.0,2022-02-15
472,RTX,94.01,95.27,93.92,94.75,4560945.0,2022-02-16
473,RTX,93.97,95.17,93.4405,94.36,5753359.0,2022-02-17
474,RTX,94.14,95.01,92.99,93.37,6544820.0,2022-02-18
475,RTX,93.62,94.74,92.79,93.54,5862169.0,2022-02-22
476,RTX,94.3,94.53,92.05,92.24,6903341.0,2022-02-23
477,RTX,93.0,94.65,89.31,94.25,9698541.0,2022-02-24
478,RTX,94.39,98.2737,94.2,98.12,8692294.0,2022-02-25
479,RTX,99.02,102.96,98.4,102.7,16726086.0,2022-02-28
480,RTX,102.77,104.34,102.18,102.73,12340886.0,2022-03-01
481,RTX,102.2,102.51,99.78,100.74,12834567.0,2022-03-02
482,RTX,101.06,101.35,98.63,99.83,8613520.0,2022-03-03
483,RTX,99.95,99.95,98.23,99.59,8716773.0,2022-03-04
484,RTX,101.29,103.095,98.12,98.19,12758958.0,2022-03-07
485,RTX,98.01,98.3999,94.69,94.85,9410601.0,2022-03-08
486,RTX,95.25,99.075,95.25,98.52,7100516.0,2022-03-09
487,RTX,98.17,99.8,97.66,98.51,5118396.0,2022-03-10
488,RTX,98.78,99.75,96.8,96.92,4354304.0,2022-03-11
489,RTX,97.17,97.66,95.41,97.04,5581735.0,2022-03-14
490,RTX,97.88,98.1,96.57,97.62,5417571.0,2022-03-15
491,RTX,97.04,97.635,94.07,95.8,8813039.0,2022-03-16
492,RTX,96.6,97.785,95.83,97.75,6537188.0,2022-03-17
493,RTX,98.0,98.28,96.33,97.52,10438526.0,2022-03-18
494,RTX,97.84,100.8218,97.8,99.94,6673663.0,2022-03-21
495,RTX,99.8,101.63,98.91,101.38,6048285.0,2022-03-22
496,RTX,101.16,102.48,101.11,101.23,4471787.0,2022-03-23
497,RTX,101.66,102.2,101.13,101.71,3894569.0,2022-03-24
498,RTX,102.0,102.97,101.92,102.43,3521763.0,2022-03-25
499,RTX,101.67,102.16,100.9202,101.59,4053285.0,2022-03-28
500,RTX,100.85,101.4,99.371,101.08,5038156.0,2022-03-29
501,RTX,101.63,102.375,99.76,100.83,5168126.0,2022-03-30
502,RTX,99.28,100.9075,99.0,99.07,5505576.0,2022-03-31
503,RTX,99.76,100.4494,98.98,100.17,3608615.0,2022-04-01
504,RTX,100.12,100.4,98.56,99.3,3812667.0,2022-04-04
505,RTX,99.48,100.51,98.61,98.81,4217158.0,2022-04-05
506,RTX,98.32,99.28,98.13,98.46,5260837.0,2022-04-06
507,RTX,98.25,101.27,97.9,100.98,6151470.0,2022-04-07
508,RTX,101.98,102.74,100.07,100.4,4811372.0,2022-04-08
509,RTX,100.64,102.95,100.64,102.11,5707645.0,2022-04-11
510,RTX,102.18,103.975,102.07,102.6,4839172.0,2022-04-12
511,RTX,103.32,104.45,102.64,103.37,5351910.0,2022-04-13
512,RTX,103.89,104.98,103.67,104.27,4027391.0,2022-04-14
513,RTX,104.26,105.46,103.91,104.3,3873266.0,2022-04-18
514,RTX,104.44,105.66,104.16,104.55,4572842.0,2022-04-19
515,RTX,105.68,106.02,104.28,104.97,4232216.0,2022-04-20
516,RTX,105.85,106.02,101.4,101.73,5795338.0,2022-04-21
517,RTX,101.45,102.5607,100.371,100.49,4679642.0,2022-04-22
518,RTX,99.85,99.915,97.57,99.61,5612503.0,2022-04-25
519,RTX,96.9,100.95,96.78,99.19,7199183.0,2022-04-26
520,RTX,99.22,99.91,97.6,98.84,6632051.0,2022-04-27
521,RTX,99.0,99.26,96.9,98.08,6546631.0,2022-04-28
522,RTX,98.47,98.89,94.61,94.91,5882973.0,2022-04-29
523,RTX,94.51,95.33,92.3968,94.22,7870601.0,2022-05-02
524,RTX,95.18,96.127,94.32,95.4,5612229.0,2022-05-03
525,RTX,94.99,98.02,94.95,97.76,6160810.0,2022-05-04
526,RTX,97.8,98.2,95.41,96.32,5906488.0,2022-05-05
527,RTX,95.71,96.05,93.72,95.3,5294959.0,2022-05-06
528,RTX,94.53,94.79,91.25,91.75,6071863.0,2022-05-09
529,RTX,92.44,93.86,91.36,91.69,7526334.0,2022-05-10
530,RTX,91.27,94.1319,90.81,91.0,6493885.0,2022-05-11
531,RTX,90.85,92.47,89.94,91.48,6356227.0,2022-05-12
532,RTX,92.05,92.61,91.09,91.92,5465643.0,2022-05-13
533,RTX,91.85,93.54,91.81,92.48,5158506.0,2022-05-16
534,RTX,94.33,95.14,93.5,94.95,4447189.0,2022-05-17
535,RTX,94.33,95.2,92.28,92.61,5831857.0,2022-05-18
536,RTX,91.38,92.46,89.54,90.25,5234746.0,2022-05-19
537,RTX,90.84,91.17,88.426,90.08,6585506.0,2022-05-20
538,RTX,90.6,92.0199,90.0,91.83,4701317.0,2022-05-23
539,RTX,91.2,93.42,90.47,93.21,5931997.0,2022-05-24
540,RTX,93.32,94.1,92.589,93.56,3742137.0,2022-05-25
541,RTX,94.52,95.86,94.11,95.0,5545911.0,2022-05-26
542,RTX,95.63,96.72,95.2,96.71,3394246.0,2022-05-27
543,RTX,95.36,95.9711,94.63,95.12,6478677.0,2022-05-31
544,RTX,96.01,96.28,94.1,94.81,4246090.0,2022-06-01
545,RTX,95.77,96.31,94.06,96.24,3460542.0,2022-06-02
546,RTX,95.36,96.62,95.2916,96.33,2837031.0,2022-06-03
547,RTX,96.99,97.49,96.39,97.21,3080342.0,2022-06-06
548,RTX,97.18,100.68,96.66,100.51,5634606.0,2022-06-07
549,RTX,99.73,100.33,98.96,99.23,6666583.0,2022-06-08
550,RTX,98.33,99.17,97.32,97.38,4567279.0,2022-06-09
551,RTX,95.82,96.69,94.4506,95.49,5618130.0,2022-06-10
552,RTX,93.49,93.53,91.375,91.95,5419439.0,2022-06-13
553,RTX,92.43,92.71,90.73,91.32,3977880.0,2022-06-14
554,RTX,92.1,93.19,90.8,92.28,4139228.0,2022-06-15
555,RTX,91.05,91.18,89.01,89.52,4517836.0,2022-06-16
556,RTX,89.46,90.005,87.61,88.88,7577242.0,2022-06-17
557,RTX,90.85,93.35,90.11,92.92,5834320.0,2022-06-21
558,RTX,91.2,93.82,91.08,92.56,4481589.0,2022-06-22
559,RTX,92.5,93.32,90.77,91.76,3310526.0,2022-06-23
560,RTX,92.5,94.37,91.88,94.2,4782227.0,2022-06-24
561,RTX,94.44,95.05,93.84,94.81,2942652.0,2022-06-27
562,RTX,95.43,96.79,93.68,93.78,3358893.0,2022-06-28
563,RTX,94.22,94.3,92.3,93.3,2504058.0,2022-06-29
564,RTX,92.97,96.27,92.71,96.11,6319149.0,2022-06-30
565,RTX,96.05,97.32,95.34,97.02,4221042.0,2022-07-01
566,RTX,94.92,95.45,91.4124,92.92,4938961.0,2022-07-05
567,RTX,93.0,94.72,92.24,93.92,4294802.0,2022-07-06
568,RTX,94.55,95.0,93.81,93.94,3212692.0,2022-07-07
569,RTX,94.29,95.72,93.94,95.12,2763176.0,2022-07-08
570,RTX,94.29,95.14,94.05,94.71,2502043.0,2022-07-11
571,RTX,94.16,95.25,93.81,94.5,4667437.0,2022-07-12
572,RTX,92.81,94.33,91.71,91.81,5653698.0,2022-07-13
573,RTX,90.04,90.7,89.0453,90.08,5029672.0,2022-07-14
574,RTX,91.0,91.46,90.3,91.23,3965333.0,2022-07-15
575,RTX,92.24,92.32,89.48,89.8,5364263.0,2022-07-18
576,RTX,89.26,94.01,89.21,93.82,5027568.0,2022-07-19
577,RTX,93.6,95.135,93.13,94.83,3849209.0,2022-07-20
578,RTX,94.58,95.04,93.58,94.89,3124673.0,2022-07-21
579,RTX,95.15,95.71,93.96,94.21,3254319.0,2022-07-22
580,RTX,94.61,95.41,94.03,94.57,4769200.0,2022-07-25
581,RTX,92.51,93.37,90.19,90.24,8253237.0,2022-07-26
582,RTX,90.83,90.83,89.06,90.27,5558886.0,2022-07-27
583,RTX,90.25,92.67,90.25,92.39,4490920.0,2022-07-28
584,RTX,91.98,93.39,91.89,93.21,4848525.0,2022-07-29
585,RTX,93.59,94.96,93.09,93.24,5623106.0,2022-08-01
586,RTX,93.74,94.775,92.695,93.75,4066781.0,2022-08-02
587,RTX,93.75,94.93,92.41,94.53,4490555.0,2022-08-03
588,RTX,94.64,94.86,92.72,92.78,4443721.0,2022-08-04
589,RTX,92.16,93.095,91.84,93.03,3320349.0,2022-08-05
590,RTX,93.7,93.7,90.96,91.2,4608041.0,2022-08-08
591,RTX,91.51,92.295,91.06,91.94,3137506.0,2022-08-09
592,RTX,92.97,93.72,92.45,93.42,3351563.0,2022-08-10
593,RTX,93.74,94.45,93.06,93.15,3488289.0,2022-08-11
594,RTX,93.28,95.07,93.28,95.01,3652404.0,2022-08-12
595,RTX,94.34,96.15,93.95,96.13,3376586.0,2022-08-15
596,RTX,95.71,96.25,94.88,95.05,5850985.0,2022-08-16
597,RTX,94.11,95.64,93.81,94.99,3311117.0,2022-08-17
598,RTX,94.85,95.02,94.24,94.71,2694534.0,2022-08-18
599,RTX,94.25,95.01,93.135,93.4,5024667.0,2022-08-19
600,RTX,92.31,92.95,91.65,91.78,5769555.0,2022-08-22
601,RTX,91.93,92.65,91.76,92.43,2633919.0,2022-08-23
602,RTX,92.97,93.58,92.8,93.31,3065837.0,2022-08-24
603,RTX,93.83,96.22,93.76,96.13,4257698.0,2022-08-25
604,RTX,96.62,96.83,93.49,93.52,2805678.0,2022-08-26
605,RTX,92.66,92.99,91.28,92.12,3799002.0,2022-08-29
606,RTX,92.39,92.505,90.33,90.83,3462972.0,2022-08-30
607,RTX,90.99,91.24,89.71,89.75,4665739.0,2022-08-31
608,RTX,89.41,89.55,87.48,88.03,6151917.0,2022-09-01
609,RTX,88.97,89.76,87.29,87.59,4171625.0,2022-09-02
610,RTX,87.71,88.36,86.586,87.16,4557395.0,2022-09-06
611,RTX,86.32,87.71,85.35,87.45,5333307.0,2022-09-07
612,RTX,86.85,87.09,85.45,86.56,5758411.0,2022-09-08
613,RTX,87.1,88.3622,86.4925,88.04,4126989.0,2022-09-09
614,RTX,88.34,88.69,87.51,87.8,5436995.0,2022-09-12
615,RTX,86.15,86.94,83.34,83.72,5867688.0,2022-09-13
616,RTX,84.3,87.55,83.29,86.4,7738112.0,2022-09-14
617,RTX,86.05,86.95,85.125,85.61,5054643.0,2022-09-15
618,RTX,84.82,86.195,84.5,85.2,8211089.0,2022-09-16
619,RTX,84.45,85.335,84.04,84.95,5586986.0,2022-09-19
620,RTX,84.57,85.48,83.72,85.15,3861476.0,2022-09-20
621,RTX,87.16,87.99,84.28,84.32,7047056.0,2022-09-21
622,RTX,84.0,84.53,83.2,83.45,4950251.0,2022-09-22
623,RTX,82.87,83.03,80.76,82.03,6725855.0,2022-09-23
624,RTX,81.59,82.3926,80.73,81.09,4843486.0,2022-09-26
625,RTX,81.57,82.05,80.27,81.0,6119260.0,2022-09-27
626,RTX,81.225,83.88,80.79,83.3,6066757.0,2022-09-28
627,RTX,82.67,82.96,81.42,82.34,6990016.0,2022-09-29
628,RTX,82.44,82.87,81.77,81.86,6403921.0,2022-09-30
629,RTX,82.91,84.07,82.01,83.11,4303440.0,2022-10-03
630,RTX,84.25,86.285,84.03,85.53,4432104.0,2022-10-04
631,RTX,84.56,85.98,84.12,85.21,3800448.0,2022-10-05
632,RTX,84.78,85.47,84.02,84.28,3192695.0,2022-10-06
633,RTX,83.76,84.09,82.71,84.01,4417529.0,2022-10-07
634,RTX,84.83,85.97,83.615,84.16,3645629.0,2022-10-10
635,RTX,83.74,85.54,83.31,84.59,4547724.0,2022-10-11
636,RTX,84.515,84.63,82.93,82.99,5489217.0,2022-10-12
637,RTX,81.45,85.14,80.9879,84.87,5049024.0,2022-10-13
638,RTX,85.42,85.42,82.15,82.59,4614820.0,2022-10-14
639,RTX,84.21,85.44,83.83,84.47,4441984.0,2022-10-17
640,RTX,85.92,88.05,85.42,87.36,5779146.0,2022-10-18
641,RTX,87.15,88.95,86.85,87.63,4573894.0,2022-10-19
642,RTX,87.81,88.4375,86.8,87.24,3663168.0,2022-10-20
643,RTX,87.26,88.9016,86.47,88.54,5422889.0,2022-10-21
644,RTX,89.1,90.4476,89.0,89.73,7727811.0,2022-10-24
645,RTX,88.49,89.0,85.85,88.36,7561040.0,2022-10-25
646,RTX,88.6,92.2,88.6,90.52,6669418.0,2022-10-26
647,RTX,90.94,93.3814,90.91,91.8,6420753.0,2022-10-27
648,RTX,92.5,95.16,92.07,95.08,6360826.0,2022-10-28
649,RTX,94.73,95.11,93.85,94.82,4933126.0,2022-10-31
650,RTX,95.33,96.075,95.045,95.55,5217503.0,2022-11-01
651,RTX,95.15,96.6533,94.03,94.15,5326568.0,2022-11-02
652,RTX,93.38,95.8283,93.03,94.8,4141739.0,2022-11-03
653,RTX,95.37,95.9,93.38,95.22,4247788.0,2022-11-04
654,RTX,95.69,96.35,95.35,96.17,3295627.0,2022-11-07
655,RTX,96.23,96.6352,95.06,96.27,3927548.0,2022-11-08
656,RTX,95.84,96.425,95.015,95.13,3478650.0,2022-11-09
657,RTX,96.9,98.015,95.7,97.84,4764052.0,2022-11-10
658,RTX,97.135,97.2,92.78,93.65,6937595.0,2022-11-11
659,RTX,93.65,94.54,92.92,92.95,4942617.0,2022-11-14
660,RTX,93.62,95.95,93.3446,95.79,7506497.0,2022-11-15
661,RTX,95.57,96.26,94.2538,94.35,4812958.0,2022-11-16
662,RTX,93.01,94.64,92.88,94.53,3256629.0,2022-11-17
663,RTX,95.7,96.67,95.21,95.36,4073378.0,2022-11-18
664,RTX,95.26,96.49,94.94,96.2,3272060.0,2022-11-21
665,RTX,97.06,97.59,96.51,96.85,3031632.0,2022-11-22
666,RTX,96.84,97.22,96.61,97.13,2172355.0,2022-11-23
667,RTX,97.345,97.8,97.18,97.47,1313249.0,2022-11-25
668,RTX,97.07,98.0,96.46,96.9,4662557.0,2022-11-28
669,RTX,96.8,97.91,96.61,97.43,2916084.0,2022-11-29
670,RTX,97.52,98.84,96.035,98.72,6191176.0,2022-11-30
671,RTX,99.12,99.96,98.47,99.5,4084238.0,2022-12-01
672,RTX,98.68,101.15,98.68,101.01,4339654.0,2022-12-02
673,RTX,99.74,101.29,99.5,100.68,4532048.0,2022-12-05
674,RTX,101.32,101.49,98.1715,98.73,3809670.0,2022-12-06
675,RTX,98.89,99.63,98.47,99.04,3220738.0,2022-12-07
676,RTX,99.64,100.28,99.185,99.49,2780122.0,2022-12-08
677,RTX,99.24,100.34,98.23,98.27,3328415.0,2022-12-09
678,RTX,98.6,99.61,98.5,99.56,4578651.0,2022-12-12
679,RTX,101.57,101.96,99.66,99.89,7098654.0,2022-12-13
680,RTX,100.29,100.9,99.42,99.95,4939099.0,2022-12-14
681,RTX,99.75,99.79,97.3,98.49,4843491.0,2022-12-15
682,RTX,97.46,98.63,96.2611,98.34,7610800.0,2022-12-16
683,RTX,98.5,99.2,97.12,97.54,4732711.0,2022-12-19
684,RTX,97.4,98.96,97.29,98.18,3907027.0,2022-12-20
685,RTX,99.02,99.85,98.7,99.76,3610049.0,2022-12-21
686,RTX,99.46,99.61,96.98,98.51,3165603.0,2022-12-22
687,RTX,98.51,99.41,98.03,99.3,2119407.0,2022-12-23
688,RTX,99.6,100.24,99.3275,99.66,2600231.0,2022-12-27
689,RTX,99.75,100.34,99.11,99.14,2418733.0,2022-12-28
690,RTX,99.23,100.6,99.08,100.33,2940623.0,2022-12-29
691,RTX,100.28,101.01,99.78,100.92,2984144.0,2022-12-30
692,RTX,100.99,101.225,100.095,100.81,3532334.0,2023-01-03
693,RTX,100.51,102.1,100.41,100.84,5635320.0,2023-01-04
694,RTX,100.27,101.46,99.66,100.88,4967152.0,2023-01-05
695,RTX,101.9,103.95,101.3,102.46,6411711.0,2023-01-06
696,RTX,102.73,102.78,98.78,99.6,6377254.0,2023-01-09
697,RTX,99.42,101.08,99.02,99.92,4701859.0,2023-01-10
698,RTX,100.12,100.33,98.93,99.59,4518671.0,2023-01-11
699,RTX,99.85,100.74,99.53,100.68,4221428.0,2023-01-12
700,RTX,97.74,99.05,97.51,98.68,4967985.0,2023-01-13
701,RTX,99.25,99.65,98.355,98.43,3959099.0,2023-01-17
702,RTX,98.66,98.66,95.67,95.74,5321760.0,2023-01-18
703,RTX,95.23,95.53,94.16,94.24,4641525.0,2023-01-19
704,RTX,94.15,94.44,93.34,94.36,8216173.0,2023-01-20
705,RTX,94.8,96.93,94.51,96.25,5686586.0,2023-01-23
706,RTX,98.87,108.84,94.02,99.47,8302741.0,2023-01-24
707,RTX,99.3,100.01,97.58,100.01,5967264.0,2023-01-25
708,RTX,100.68,100.93,99.13,100.25,4302854.0,2023-01-26
709,RTX,99.85,100.54,99.33,99.6,3365754.0,2023-01-27
710,RTX,99.5,99.8,97.855,98.71,4607344.0,2023-01-30
711,RTX,98.8,99.98,98.23,99.85,4099501.0,2023-01-31
712,RTX,99.93,99.99,97.6,98.42,5155053.0,2023-02-01
713,RTX,98.29,98.42,96.5801,96.96,6035704.0,2023-02-02
714,RTX,96.76,97.79,96.3899,96.48,3844304.0,2023-02-03
715,RTX,96.75,97.99,96.7,97.64,5243017.0,2023-02-06
716,RTX,97.16,98.2,95.8,97.87,3814740.0,2023-02-07
717,RTX,97.34,98.25,97.25,97.65,3789525.0,2023-02-08
718,RTX,98.05,98.51,97.29,97.85,3670929.0,2023-02-09
719,RTX,98.23,100.7,98.2,100.61,5290999.0,2023-02-10
720,RTX,101.12,101.42,100.11,100.56,5238572.0,2023-02-13
721,RTX,100.26,102.055,100.2501,101.37,3699672.0,2023-02-14
722,RTX,101.0,101.53,100.7,101.46,2551496.0,2023-02-15
723,RTX,100.41,101.46,99.93,100.97,3524263.0,2023-02-16
724,RTX,100.85,101.6,100.31,101.51,6507463.0,2023-02-17
725,RTX,102.2,102.65,100.38,100.65,3853018.0,2023-02-21
726,RTX,100.73,101.12,99.83,100.51,4489833.0,2023-02-22
727,RTX,100.52,100.65,98.8,99.64,3228043.0,2023-02-23
728,RTX,99.3,99.63,98.39,99.62,3915085.0,2023-02-24
729,RTX,99.98,100.03,99.02,99.16,2986716.0,2023-02-27
730,RTX,99.27,99.472,97.82,98.09,4469983.0,2023-02-28
731,RTX,98.04,98.57,97.5,98.04,3740060.0,2023-03-01
732,RTX,97.5,99.325,97.5,99.0,4134579.0,2023-03-02
733,RTX,99.18,99.32,98.26,99.02,5072818.0,2023-03-03
734,RTX,99.02,100.09,98.84,99.51,5064700.0,2023-03-06
735,RTX,99.71,99.93,98.17,98.18,5139545.0,2023-03-07
736,RTX,98.0,98.61,96.66,97.4,4299188.0,2023-03-08
737,RTX,97.98,97.98,95.52,95.93,4913091.0,2023-03-09
738,RTX,95.65,97.05,95.205,96.0,6340102.0,2023-03-10
739,RTX,94.89,98.24,94.73,97.46,7757690.0,2023-03-13
740,RTX,98.27,99.14,97.415,98.32,6407413.0,2023-03-14
741,RTX,96.96,97.26,94.74,95.83,5755319.0,2023-03-15
742,RTX,95.35,98.64,95.0,98.08,4647018.0,2023-03-16
743,RTX,97.76,97.77,95.485,95.75,8157775.0,2023-03-17
744,RTX,96.41,97.81,96.31,97.53,3972828.0,2023-03-20
745,RTX,98.97,99.3,97.97,98.01,5135630.0,2023-03-21
746,RTX,98.27,98.56,96.69,96.7,4042104.0,2023-03-22
747,RTX,97.3,97.45,95.65,96.0,4352097.0,2023-03-23
748,RTX,95.41,96.68,94.94,96.44,4712359.0,2023-03-24
749,RTX,97.41,97.41,96.39,96.91,3591736.0,2023-03-27
750,RTX,96.79,97.1249,96.61,96.8,2324815.0,2023-03-28
751,RTX,97.2,97.775,97.2,97.7,3187387.0,2023-03-29
752,RTX,97.7,97.85,97.19,97.37,5296755.0,2023-03-30
753,RTX,97.98,98.05,97.49,97.93,4652714.0,2023-03-31
754,RTX,98.27,100.8434,98.1,100.58,4312515.0,2023-04-03
755,RTX,100.58,101.46,99.09,99.51,3239813.0,2023-04-04
756,RTX,99.24,99.5895,98.7,98.76,3841724.0,2023-04-05
757,RTX,98.77,99.52,98.055,98.21,3430569.0,2023-04-06
758,RTX,97.96,99.77,97.65,99.62,3947597.0,2023-04-10
759,RTX,99.72,100.535,99.41,99.72,3408571.0,2023-04-11
760,RTX,101.0,102.35,100.83,101.52,4710141.0,2023-04-12
761,RTX,101.15,101.86,100.5,101.68,3932453.0,2023-04-13
762,RTX,101.19,101.71,100.97,101.68,3017936.0,2023-04-14
763,RTX,101.91,103.29,101.8,103.11,4007352.0,2023-04-17
764,RTX,103.38,104.71,103.21,104.66,4949191.0,2023-04-18
765,RTX,104.63,104.91,103.86,104.09,5004460.0,2023-04-19
766,RTX,103.11,103.32,102.31,102.84,3937696.0,2023-04-20
767,RTX,103.01,103.24,101.87,102.25,3315301.0,2023-04-21
768,RTX,102.37,102.63,101.62,102.46,3961463.0,2023-04-24
769,RTX,101.69,102.62,100.02,101.09,4638854.0,2023-04-25
770,RTX,100.47,100.79,97.18,97.68,5219540.0,2023-04-26
771,RTX,97.675,99.7,97.445,99.39,4010585.0,2023-04-27
772,RTX,99.07,99.91,98.79,99.9,2868779.0,2023-04-28
773,RTX,99.93,101.38,99.835,100.33,3481409.0,2023-05-01
774,RTX,100.16,100.16,98.27,98.87,3377478.0,2023-05-02
775,RTX,98.81,99.16,97.035,97.16,3610844.0,2023-05-03
776,RTX,97.0,97.265,94.8644,95.92,4414759.0,2023-05-04
777,RTX,96.33,96.79,95.71,96.58,3260405.0,2023-05-05
778,RTX,96.69,97.44,95.44,95.54,4243584.0,2023-05-08
779,RTX,95.63,96.78,95.32,96.27,2928414.0,2023-05-09
780,RTX,96.82,96.9999,95.41,96.3,3329302.0,2023-05-10
781,RTX,95.66,96.18,94.92,95.54,3327099.0,2023-05-11
782,RTX,95.97,96.56,95.67,95.99,2756105.0,2023-05-12
783,RTX,95.97,96.73,95.85,96.7,2556112.0,2023-05-15
784,RTX,96.55,96.55,95.42,95.46,2535312.0,2023-05-16
785,RTX,95.76,97.36,95.76,96.57,4626836.0,2023-05-17
786,RTX,95.79,96.4,95.08,96.13,4277598.0,2023-05-18
787,RTX,96.59,96.8,95.5,96.13,3528671.0,2023-05-19
788,RTX,95.9,96.28,95.04,95.66,3976052.0,2023-05-22
789,RTX,94.83,95.265,94.07,94.08,4388757.0,2023-05-23
790,RTX,93.78,94.59,93.15,93.66,3670502.0,2023-05-24
791,RTX,93.51,93.72,92.06,93.12,5340487.0,2023-05-25
792,RTX,93.72,94.64,93.12,93.26,4056736.0,2023-05-26
793,RTX,93.01,93.49,92.31,93.04,148405.0,2023-05-30
794,RTX,92.37,92.87,91.95,92.14,9972544.0,2023-05-31
795,RTX,92.28,94.14,92.25,94.09,5636407.0,2023-06-01
796,RTX,94.96,96.42,94.6,96.08,5559203.0,2023-06-02
797,RTX,96.61,96.94,95.65,95.75,4056370.0,2023-06-05
798,RTX,96.14,97.69,95.36,97.44,4947743.0,2023-06-06
799,RTX,97.54,98.786,96.625,98.59,4275383.0,2023-06-07
800,RTX,98.43,99.53,98.1872,99.08,3269676.0,2023-06-08
801,RTX,99.43,99.5,98.85,99.34,2518535.0,2023-06-09
802,RTX,99.39,99.79,99.05,99.42,3527562.0,2023-06-12
803,RTX,100.0,100.68,99.52,99.69,4053471.0,2023-06-13
804,RTX,99.71,99.815,96.55,96.86,6363834.0,2023-06-14
805,RTX,97.18,98.37,97.04,98.0,4530088.0,2023-06-15
806,RTX,98.2,99.01,96.81,97.74,9037863.0,2023-06-16
807,RTX,98.4,98.96,97.54,97.7,6936293.0,2023-06-20
808,RTX,97.7,99.95,97.39,99.07,4776536.0,2023-06-21
809,RTX,98.6,98.63,96.6,96.92,4531478.0,2023-06-22
810,RTX,96.7,97.29,96.34,96.91,6213361.0,2023-06-23
811,RTX,95.98,96.605,94.75,96.55,3993621.0,2023-06-26
812,RTX,96.35,96.75,95.85,96.53,4048376.0,2023-06-27
813,RTX,96.39,96.4,95.12,95.87,4014917.0,2023-06-28
814,RTX,96.0,97.89,95.8528,97.8,4071427.0,2023-06-29
815,RTX,98.1,98.39,97.2847,97.96,4402021.0,2023-06-30
816,RTX,97.49,98.835,97.32,98.39,2149917.0,2023-07-03
817,RTX,98.02,98.4561,97.435,98.24,3247528.0,2023-07-05
818,RTX,97.9,98.74,97.35,98.05,3680059.0,2023-07-06
819,RTX,98.08,98.47,97.37,97.42,4569721.0,2023-07-07
820,RTX,97.41,98.33,97.27,97.48,3300283.0,2023-07-10
821,RTX,97.1,98.09,96.54,98.03,6209924.0,2023-07-11
822,RTX,98.64,98.8,96.72,96.82,4943276.0,2023-07-12
823,RTX,96.59,97.46,96.29,97.17,3357553.0,2023-07-13
824,RTX,97.09,97.15,95.73,96.17,3454627.0,2023-07-14
825,RTX,96.09,96.88,95.6,96.32,3269407.0,2023-07-17
826,RTX,96.42,97.6805,95.49,95.76,5464586.0,2023-07-18
827,RTX,95.84,96.47,95.265,95.57,4133306.0,2023-07-19
828,RTX,96.2,97.28,95.965,97.16,4314561.0,2023-07-20
829,RTX,97.2,97.439,96.37,96.39,3274891.0,2023-07-21
830,RTX,96.9,97.175,96.51,97.01,4741768.0,2023-07-24
831,RTX,85.86,87.25,81.35,87.1,49625644.0,2023-07-25
832,RTX,86.82,87.2,84.86,86.3,20123981.0,2023-07-26
833,RTX,85.8,87.22,84.43,85.17,14092732.0,2023-07-27
834,RTX,85.5,87.55,85.4013,87.34,11621627.0,2023-07-28
835,RTX,87.45,88.69,87.222,87.93,10178551.0,2023-07-31
836,RTX,87.15,88.21,87.07,87.97,6787277.0,2023-08-01
837,RTX,87.5,87.92,85.27,85.46,8620277.0,2023-08-02
838,RTX,85.53,85.76,84.36,84.67,7948775.0,2023-08-03
839,RTX,85.05,85.2,84.34,84.55,5573325.0,2023-08-04
840,RTX,84.75,85.765,84.71,85.47,6740940.0,2023-08-07
841,RTX,85.01,86.43,84.66,86.21,7220006.0,2023-08-08
842,RTX,86.08,87.905,85.965,87.77,8802588.0,2023-08-09
843,RTX,87.32,88.07,86.1,86.22,5359732.0,2023-08-10
844,RTX,85.92,86.87,85.9,86.84,3779035.0,2023-08-11
845,RTX,86.84,87.11,86.23,86.44,3421800.0,2023-08-14
846,RTX,86.12,86.23,85.59,85.66,4174893.0,2023-08-15
847,RTX,85.54,85.79,85.09,85.14,4207677.0,2023-08-16
848,RTX,84.96,85.72,84.53,85.15,5090705.0,2023-08-17
849,RTX,84.64,86.23,84.62,85.8,8150416.0,2023-08-18
850,RTX,85.62,86.01,85.215,85.52,4494760.0,2023-08-21
851,RTX,85.82,85.82,85.063,85.33,3925026.0,2023-08-22
852,RTX,85.55,86.15,85.295,86.04,4462240.0,2023-08-23
853,RTX,85.5,86.16,85.15,85.15,3905813.0,2023-08-24
854,RTX,85.51,85.73,84.65,84.69,4737645.0,2023-08-25
855,RTX,84.84,86.05,84.81,85.74,4834568.0,2023-08-28
856,RTX,85.76,86.14,85.265,85.35,5130922.0,2023-08-29
857,RTX,85.64,86.73,85.55,86.43,4469802.0,2023-08-30
858,RTX,86.7,87.02,86.03,86.04,4914613.0,2023-08-31
859,RTX,86.61,86.685,85.89,86.28,2583192.0,2023-09-01
860,RTX,86.25,86.3,85.02,85.05,4974029.0,2023-09-05
861,RTX,84.87,84.97,83.25,83.51,7476813.0,2023-09-06
862,RTX,83.81,84.41,83.7,84.33,6376699.0,2023-09-07
863,RTX,84.33,84.4,82.94,83.48,5986374.0,2023-09-08
864,RTX,80.2,80.5,75.99,76.9,24520657.0,2023-09-11
865,RTX,74.7,75.71,73.66,75.56,17931846.0,2023-09-12
866,RTX,75.56,76.66,75.46,75.56,11613032.0,2023-09-13
867,RTX,73.68,75.64,73.62,75.5,15600391.0,2023-09-14
868,RTX,75.1,76.4,75.08,75.8,16049827.0,2023-09-15
869,RTX,75.91,76.51,75.12,75.18,9847156.0,2023-09-18
870,RTX,74.98,75.43,74.42,75.08,11389771.0,2023-09-19
871,RTX,75.95,76.16,74.38,74.43,10821471.0,2023-09-20
872,RTX,74.28,74.45,72.445,72.64,12458107.0,2023-09-21
873,RTX,72.61,72.695,71.425,71.58,9673978.0,2023-09-22
874,RTX,71.3,72.1,71.02,72.05,10430104.0,2023-09-25
875,RTX,71.43,72.42,71.32,72.26,10323648.0,2023-09-26
876,RTX,72.75,73.335,72.45,72.88,9391713.0,2023-09-27
877,RTX,72.22,73.08,71.95,72.0,8490559.0,2023-09-28
878,RTX,72.3,72.519,71.56,71.97,6366279.0,2023-09-29
879,RTX,71.74,71.945,70.9,71.34,6791279.0,2023-10-02
880,RTX,71.41,72.25,70.435,70.58,8175792.0,2023-10-03
881,RTX,70.13,70.205,69.225,70.12,10264245.0,2023-10-04
882,RTX,70.16,70.37,69.26,69.38,7402573.0,2023-10-05
883,RTX,69.1,70.3864,68.555,69.77,8540344.0,2023-10-06
884,RTX,73.2,73.25,71.82,72.99,13726240.0,2023-10-09
885,RTX,73.46,73.66,72.65,73.35,10633887.0,2023-10-10
886,RTX,73.33,73.33,72.62,73.31,7349836.0,2023-10-11
887,RTX,73.41,73.55,72.29,73.3,6921346.0,2023-10-12
888,RTX,73.93,74.4,73.095,73.25,8665831.0,2023-10-13
889,RTX,73.64,74.095,72.59,73.98,6299680.0,2023-10-16
890,RTX,73.75,74.92,73.35,73.89,8035092.0,2023-10-17
891,RTX,74.01,74.895,73.92,74.24,7791040.0,2023-10-18
892,RTX,73.98,74.845,73.85,73.89,7421374.0,2023-10-19
893,RTX,74.09,74.15,72.48,72.55,7995564.0,2023-10-20
894,RTX,72.58,74.01,72.52,73.13,8357215.0,2023-10-23
895,RTX,78.75,78.8,76.96,78.38,25548174.0,2023-10-24
896,RTX,79.35,79.35,77.77,78.41,22157607.0,2023-10-25
897,RTX,78.0,79.83,77.91,79.15,33222398.0,2023-10-26
898,RTX,78.53,79.77,78.42,79.16,21946821.0,2023-10-27
899,RTX,79.07,79.8,77.765,78.57,23620598.0,2023-10-30
900,RTX,78.85,81.55,78.73,81.39,18663771.0,2023-10-31
901,RTX,82.0,82.8,81.325,82.15,20200195.0,2023-11-01
902,RTX,82.35,83.2,82.23,82.78,15755655.0,2023-11-02
903,RTX,83.17,83.86,82.67,82.72,21269453.0,2023-11-03
904,RTX,82.7,82.95,82.06,82.4,5950669.0,2023-11-06
905,RTX,82.4,82.69,82.13,82.67,6352918.0,2023-11-07
906,RTX,82.85,83.28,82.51,83.2,9844688.0,2023-11-08
907,RTX,83.66,83.85,82.1438,82.43,9638082.0,2023-11-09
908,RTX,82.76,82.86,81.78,82.22,10352984.0,2023-11-10
909,RTX,82.26,82.81,81.6,82.03,7740331.0,2023-11-13
910,RTX,82.18,82.25,80.61,80.69,13128932.0,2023-11-14
911,RTX,80.51,81.245,79.775,80.63,10757754.0,2023-11-15
912,RTX,80.47,80.83,79.93,80.23,7578670.0,2023-11-16
913,RTX,80.64,80.68,79.415,79.68,7894702.0,2023-11-17
914,RTX,79.56,79.82,78.99,79.17,8362567.0,2023-11-20
915,RTX,78.93,79.1,78.115,78.15,7125044.0,2023-11-21
916,RTX,78.01,79.87,78.0,79.82,7025366.0,2023-11-22
917,RTX,79.82,80.09,79.425,79.98,2346264.0,2023-11-24
918,RTX,79.76,79.99,79.13,79.47,9378425.0,2023-11-27
919,RTX,79.99,80.785,79.5737,80.19,7094857.0,2023-11-28
920,RTX,80.22,81.33,80.12,80.95,6852063.0,2023-11-29
921,RTX,81.14,81.915,81.05,81.48,8366319.0,2023-11-30
922,RTX,81.48,82.405,81.37,82.32,5487381.0,2023-12-01
923,RTX,82.07,83.185,81.94,83.13,5525261.0,2023-12-04
924,RTX,82.93,83.35,82.66,82.69,5945719.0,2023-12-05
925,RTX,82.62,83.43,82.33,82.71,6125832.0,2023-12-06
926,RTX,83.0,83.15,81.43,81.5,5443945.0,2023-12-07
927,RTX,81.69,82.1,81.155,81.32,5535033.0,2023-12-08
928,RTX,81.33,82.29,81.33,81.89,5897291.0,2023-12-11
929,RTX,81.21,81.575,80.91,81.04,6811235.0,2023-12-12
930,RTX,81.19,83.395,80.52,83.22,8057921.0,2023-12-13
931,RTX,83.87,84.09,81.41,81.86,11124660.0,2023-12-14
932,RTX,81.74,81.99,79.67,80.28,18716563.0,2023-12-15
933,RTX,80.36,81.485,80.36,80.69,7701087.0,2023-12-18
934,RTX,80.92,82.66,80.92,82.62,9912628.0,2023-12-19
935,RTX,82.2,82.895,81.555,81.64,6961766.0,2023-12-20
936,RTX,82.04,82.9857,81.37,82.01,7732807.0,2023-12-21
937,RTX,82.09,83.86,82.04,83.23,9769464.0,2023-12-22
938,RTX,83.15,84.3,83.08,84.05,4442636.0,2023-12-26
939,RTX,83.9,84.465,83.695,84.17,5440600.0,2023-12-27
940,RTX,84.17,84.606,84.09,84.17,4622738.0,2023-12-28
941,RTX,84.21,84.41,83.78,84.14,4624795.0,2023-12-29
942,RTX,84.05,86.015,83.96,85.22,10455607.0,2024-01-02
943,RTX,85.48,86.895,85.35,85.61,9957505.0,2024-01-03
944,RTX,85.99,86.59,85.34,85.41,6656514.0,2024-01-04
945,RTX,85.76,85.76,84.855,85.38,6796258.0,2024-01-05
946,RTX,84.91,86.18,84.72,85.84,7625708.0,2024-01-08
947,RTX,85.76,85.975,84.97,85.8,5400545.0,2024-01-09
948,RTX,85.8,86.46,85.66,86.08,5479538.0,2024-01-10
949,RTX,85.91,86.01,84.73,85.32,5848868.0,2024-01-11
950,RTX,86.56,86.73,85.99,86.33,5277301.0,2024-01-12
951,RTX,86.11,86.28,85.04,85.5,9568211.0,2024-01-16
952,RTX,85.43,86.805,84.915,85.05,7669559.0,2024-01-17
953,RTX,85.05,85.835,84.8,85.47,6594835.0,2024-01-18
954,RTX,85.59,85.795,84.43,85.53,7509583.0,2024-01-19
955,RTX,85.81,86.18,85.01,85.02,14052785.0,2024-01-22
956,RTX,88.23,92.38,87.96,89.55,19434790.0,2024-01-23
957,RTX,89.63,90.05,88.7001,89.49,12872302.0,2024-01-24
958,RTX,90.25,91.105,89.58,90.94,10584566.0,2024-01-25
959,RTX,90.69,91.22,90.14,90.41,5987754.0,2024-01-26
960,RTX,90.44,90.68,89.695,90.08,8488668.0,2024-01-29
961,RTX,90.16,91.09,90.06,90.6,9073470.0,2024-01-30
962,RTX,90.86,91.86,90.69,91.12,5560704.0,2024-01-31
963,RTX,91.7,92.175,90.76,92.17,13827110.0,2024-02-01
964,RTX,92.24,92.6981,91.445,91.98,6067767.0,2024-02-02
965,RTX,91.26,92.65,90.89,92.24,6764610.0,2024-02-05
966,RTX,91.45,92.6689,91.19,92.28,4718194.0,2024-02-06
967,RTX,92.58,92.81,91.82,91.93,4625195.0,2024-02-07
968,RTX,91.85,92.39,90.925,91.04,6197734.0,2024-02-08
969,RTX,91.13,91.61,90.33,90.51,5948143.0,2024-02-09
970,RTX,90.51,91.91,90.23,91.14,5483718.0,2024-02-12
971,RTX,91.2,91.72,89.855,90.59,6039818.0,2024-02-13
972,RTX,90.96,91.6,90.86,91.39,6677948.0,2024-02-14
973,RTX,91.41,92.25,91.3,91.79,5267320.0,2024-02-15
974,RTX,91.35,92.09,90.95,91.01,4949835.0,2024-02-16
975,RTX,91.5,92.29,90.58,90.98,6023727.0,2024-02-20
976,RTX,90.97,91.45,90.005,90.21,13187606.0,2024-02-21
977,RTX,89.72,89.83,88.9,89.53,7600142.0,2024-02-22
978,RTX,89.5,90.49,89.29,90.01,5809998.0,2024-02-23
979,RTX,90.06,90.85,89.93,90.02,5293524.0,2024-02-26
980,RTX,90.03,90.48,89.45,90.42,4853902.0,2024-02-27
981,RTX,90.41,91.25,89.535,89.92,5626184.0,2024-02-28
982,RTX,90.41,90.56,89.25,89.67,5874755.0,2024-02-29
983,RTX,89.72,90.04,88.95,89.8,13566588.0,2024-03-01
984,RTX,90.09,90.14,89.14,89.91,6926119.0,2024-03-04
985,RTX,89.71,90.86,89.6013,90.06,6747598.0,2024-03-05
986,RTX,89.86,90.745,89.74,90.26,5563776.0,2024-03-06
987,RTX,90.53,91.24,90.03,90.55,6778571.0,2024-03-07
988,RTX,90.28,90.91,90.14,90.88,5727578.0,2024-03-08
989,RTX,90.19,91.83,90.19,91.4,7273179.0,2024-03-11
990,RTX,90.87,91.06,89.4434,89.95,9429825.0,2024-03-12
991,RTX,90.07,90.715,89.82,90.56,8664639.0,2024-03-13
992,RTX,92.06,93.0,91.48,91.76,12161421.0,2024-03-14
993,RTX,91.05,93.07,91.05,92.93,35743611.0,2024-03-15
994,RTX,92.84,93.9199,92.35,93.46,7075256.0,2024-03-18
995,RTX,94.45,95.39,94.0275,94.86,7998758.0,2024-03-19
996,RTX,95.0,95.515,94.34,94.85,7854202.0,2024-03-20
997,RTX,95.0,95.492,94.08,94.26,6477495.0,2024-03-21
998,RTX,94.19,95.825,94.19,95.54,6801997.0,2024-03-22
999,RTX,95.71,96.24,95.265,95.63,5229440.0,2024-03-25
1000,RTX,95.63,96.545,95.5786,96.06,5474493.0,2024-03-26
1001,RTX,96.43,97.5,96.3322,97.45,7267849.0,2024-03-27
1002,RTX,97.69,98.08,97.47,97.53,10700981.0,2024-03-28
1003,RTX,97.46,98.165,97.14,97.76,9504452.0,2024-04-01
1004,RTX,97.76,98.7,97.5776,98.55,6759573.0,2024-04-02
1005,RTX,97.27,98.06,97.03,97.55,14050302.0,2024-04-03
1006,RTX,98.28,99.335,97.9,99.31,13373158.0,2024-04-04
1007,RTX,99.45,101.75,99.45,101.69,10216540.0,2024-04-05
1008,RTX,101.69,102.26,101.27,101.88,9901335.0,2024-04-08
1009,RTX,101.07,101.64,100.29,101.6,12904034.0,2024-04-09
1010,RTX,100.92,101.76,100.23,101.36,5532873.0,2024-04-10
1011,RTX,101.35,101.57,99.79,100.78,6786050.0,2024-04-11
1012,RTX,101.715,102.35,99.47,100.1,7327324.0,2024-04-12
1013,RTX,101.56,101.82,99.9,100.02,9546043.0,2024-04-15
1014,RTX,100.25,101.32,100.23,100.84,6971952.0,2024-04-16
1015,RTX,101.26,101.79,100.15,100.75,5306536.0,2024-04-17
1016,RTX,100.52,101.9,100.51,100.71,4209501.0,2024-04-18
1017,RTX,101.53,102.26,101.03,101.56,9915787.0,2024-04-19
1018,RTX,102.0,102.25,101.365,101.56,7504749.0,2024-04-22
1019,RTX,101.0,103.89,99.88,101.38,8516633.0,2024-04-23
1020,RTX,101.72,101.89,100.01,101.02,7411293.0,2024-04-24
1021,RTX,100.9,101.88,100.59,101.71,6134514.0,2024-04-25
1022,RTX,101.54,101.8,100.29,101.41,4369895.0,2024-04-26
1023,RTX,101.85,102.61,101.65,102.44,4426526.0,2024-04-29
1024,RTX,102.34,102.82,101.47,101.52,5093048.0,2024-04-30
1025,RTX,101.32,102.03,101.14,101.22,9933550.0,2024-05-01
1026,RTX,101.2,101.91,101.02,101.89,6025035.0,2024-05-02
1027,RTX,102.0,102.17,100.67,101.4,13279182.0,2024-05-03
1028,RTX,101.79,102.05,101.615,101.91,3375329.0,2024-05-06
1029,RTX,102.27,103.26,102.12,103.23,6844041.0,2024-05-07
1030,RTX,103.24,104.0899,102.81,103.94,5142085.0,2024-05-08
1031,RTX,104.11,105.76,104.08,105.74,7179787.0,2024-05-09
1032,RTX,106.0,106.53,105.54,106.32,5560420.0,2024-05-10
1033,RTX,106.44,107.815,105.68,105.8,5986513.0,2024-05-13
1034,RTX,105.8,106.29,105.65,105.7,3695878.0,2024-05-14
1035,RTX,105.49,105.98,105.14,105.35,5622580.0,2024-05-15
1036,RTX,104.5,105.36,104.15,104.24,8703959.0,2024-05-16
1037,RTX,104.69,104.775,103.71,104.18,8461272.0,2024-05-17
1038,RTX,104.41,105.42,104.35,105.02,4337627.0,2024-05-20
1039,RTX,105.2,105.93,105.1,105.43,4506500.0,2024-05-21
1040,RTX,105.63,106.45,105.41,106.31,3569182.0,2024-05-22
1041,RTX,106.44,107.32,105.34,105.41,5442688.0,2024-05-23
1042,RTX,105.83,106.57,105.83,106.27,3374677.0,2024-05-24
1043,RTX,106.03,106.35,105.28,105.52,4796136.0,2024-05-28
1044,RTX,105.02,105.22,104.5,104.57,4629953.0,2024-05-29
1045,RTX,104.9,105.85,104.58,105.72,4162350.0,2024-05-30
1046,RTX,105.82,107.88,105.46,107.81,10250998.0,2024-05-31
1047,RTX,107.24,108.65,106.82,107.37,5583383.0,2024-06-03
1048,RTX,107.41,108.385,106.92,107.9,7818603.0,2024-06-04
1049,RTX,108.01,108.515,107.481,108.44,3049714.0,2024-06-05
1050,RTX,108.38,108.47,107.75,108.18,3605825.0,2024-06-06
1051,RTX,108.1,108.56,107.875,108.11,3467084.0,2024-06-07
1052,RTX,108.0,108.1,106.6701,107.09,4990411.0,2024-06-10
1053,RTX,106.39,107.145,106.14,106.92,5344752.0,2024-06-11
1054,RTX,107.01,107.72,106.58,106.77,3395868.0,2024-06-12
1055,RTX,106.57,106.855,103.84,105.03,7077967.0,2024-06-13
1056,RTX,104.59,104.9889,103.44,104.23,4854555.0,2024-06-14
1057,RTX,104.0,104.49,103.47,104.47,3908880.0,2024-06-17
1058,RTX,104.57,105.31,104.375,104.77,3884887.0,2024-06-18
1059,RTX,104.63,105.73,104.55,105.07,6910719.0,2024-06-20
1060,RTX,105.19,106.19,104.68,105.61,12259099.0,2024-06-21
1061,RTX,105.74,107.475,100.94,101.96,13603064.0,2024-06-24
1062,RTX,101.39,102.7,100.03,101.57,10205936.0,2024-06-25
1063,RTX,100.93,101.39,100.1529,101.26,6895778.0,2024-06-26
1064,RTX,101.47,101.78,100.425,100.62,6933578.0,2024-06-27
1065,RTX,100.9,100.9,100.06,100.39,13467937.0,2024-06-28
1066,RTX,100.88,101.68,99.31,99.55,4437724.0,2024-07-01
1067,RTX,99.29,100.63,99.071,100.41,7224966.0,2024-07-02
1068,RTX,100.9,101.04,100.383,100.74,2116528.0,2024-07-03
1069,RTX,100.49,100.57,99.5648,100.37,5756514.0,2024-07-05
1070,RTX,100.65,101.2053,99.98,100.1,6910583.0,2024-07-08
1071,RTX,100.24,101.68,100.02,101.11,5429072.0,2024-07-09
1072,RTX,100.9,101.18,99.42,100.68,5991073.0,2024-07-10
1073,RTX,100.52,102.65,100.22,101.72,7359183.0,2024-07-11
1074,RTX,102.0,102.85,101.02,101.28,5915861.0,2024-07-12
1075,RTX,102.29,102.65,101.52,101.62,3749558.0,2024-07-15
1076,RTX,101.87,103.69,101.75,103.68,4195785.0,2024-07-16
1077,RTX,103.82,105.28,103.82,104.99,5241683.0,2024-07-17
1078,RTX,105.0,105.46,103.78,103.84,4362505.0,2024-07-18
1079,RTX,104.5,104.5,102.64,102.81,7160189.0,2024-07-19
1080,RTX,102.68,103.82,102.62,103.77,5174643.0,2024-07-22
1081,RTX,103.77,105.575,103.62,104.97,7558887.0,2024-07-23
1082,RTX,105.05,105.86,104.02,104.83,7111170.0,2024-07-24
1083,RTX,110.23,115.82,109.45,113.47,14908261.0,2024-07-25
1084,RTX,113.96,115.23,113.5,113.95,7425133.0,2024-07-26
1085,RTX,114.0,114.63,113.3,114.44,4100847.0,2024-07-29
1086,RTX,115.2,117.03,114.56,116.88,5984185.0,2024-07-30
1087,RTX,117.5,118.22,116.46,117.49,6483373.0,2024-07-31
1088,RTX,117.72,117.99,116.06,116.74,4938579.0,2024-08-01
1089,RTX,116.25,118.3,115.07,116.44,4470776.0,2024-08-02
1090,RTX,115.11,116.44,114.37,115.17,5130026.0,2024-08-05
1091,RTX,115.59,116.82,114.115,114.4,4553116.0,2024-08-06
1092,RTX,114.3,115.98,113.61,114.15,5437349.0,2024-08-07
1093,RTX,113.9,115.8411,113.7,115.1,8572296.0,2024-08-08
1094,RTX,115.04,116.29,114.87,116.15,5480524.0,2024-08-09
1095,RTX,116.86,117.44,115.76,116.6,8547332.0,2024-08-12
1096,RTX,116.79,117.26,116.07,116.86,5070032.0,2024-08-13
1097,RTX,116.84,117.83,116.645,117.65,5781699.0,2024-08-14
1098,RTX,118.51,118.9948,117.53,118.36,5562257.0,2024-08-15
1099,RTX,117.87,118.62,117.57,117.95,5059647.0,2024-08-16
1100,RTX,118.0,118.52,117.975,118.35,5245580.0,2024-08-19
1101,RTX,118.33,118.68,117.24,117.95,5988255.0,2024-08-20
1102,RTX,118.5,118.64,116.95,117.26,2972093.0,2024-08-21
1103,RTX,117.36,118.06,117.175,118.02,3071212.0,2024-08-22
1104,RTX,118.29,118.89,117.91,118.52,3382823.0,2024-08-23
1105,RTX,118.69,119.73,118.385,118.7,5621981.0,2024-08-26
1106,RTX,118.68,119.59,118.39,119.49,4075910.0,2024-08-27
1107,RTX,119.77,121.35,119.68,120.84,4161565.0,2024-08-28
1108,RTX,121.09,122.74,120.54,122.29,3481158.0,2024-08-29
1109,RTX,122.05,123.7,121.96,123.34,6155082.0,2024-08-30
1110,RTX,123.12,123.66,120.68,120.99,5393711.0,2024-09-03
1111,RTX,121.1,122.32,120.77,121.11,4231527.0,2024-09-04
1112,RTX,121.19,121.61,118.65,119.64,4778208.0,2024-09-05
1113,RTX,119.65,120.77,118.07,118.44,3710445.0,2024-09-06
1114,RTX,119.64,121.33,119.17,121.16,4403689.0,2024-09-09
1115,RTX,121.51,121.71,119.91,120.3,3771527.0,2024-09-10
1116,RTX,119.87,119.87,117.3506,119.26,4655359.0,2024-09-11
1117,RTX,119.0,120.15,118.8,120.1,3532995.0,2024-09-12
1118,RTX,119.9,120.195,118.89,119.12,4668794.0,2024-09-13
1119,RTX,119.97,120.55,118.06,119.2,4790527.0,2024-09-16
